11.333592086505993
11.353649158096449
11.390517963646115
11.384757573976055
11.386877805356528
11.408251071389918
11.55552204895952
11.759954651790546
11.948661885803666
12.076694208898221
12.181624557643591
12.35858989002017
12.566479426590362
12.732752355100365
12.808881978869788
12.863621377217175
12.848427444240292
12.94076064954876
13.060100500301182
13.131240236394726
13.154321613503472
13.176878149252206
13.11174618386264
13.13081732281072
13.153826868751826
13.016324916573447
13.029040286510751
13.102406316672468
13.139949854388224
13.206677937402246
13.174691569301807
13.177173878692253
13.179487773807564
13.219331686003063
13.172306477477004
13.082038414891517
13.051408392860699
13.171813598351315
13.164419550682151
13.120298114927113
13.110819464832474
13.133084687772998
13.197789000617838
13.126089269814777
13.189688665441741
13.25731234135233
13.37383450130014
13.47207335863475
13.625030323193624
13.689429438812693
13.748484241237069
13.736050075267924
13.814491963937755
13.874246297045504
14.067933558365443
14.024538754281084
13.939095596836708
13.901428830881267
13.873724600880042
13.834040442399141
13.849763307150667
13.895767497045682
13.974623215978669
13.999080309534227
14.0098445094854
14.012582354345431
14.062816932184658
14.119002900493186
14.163153179523743
14.120734063433218
14.130564529862493
14.125950681192272
14.185957858304953
14.139907218343572
14.04017318368115
14.049500471510207
14.006687557819237
13.936688318489647
13.842867723187535
13.908023193391575
14.02232767030879
14.025902317568207
13.95196230482065
13.78242501005708
13.760812566078004
13.915041699141916
14.052515905664245
14.025619935963947
14.017926753621984
14.08870416094235
14.168912806908759
14.18021687757318
14.070809415855097
13.943554563280514
13.899557536404055
13.818316746668472
13.668316077911884
13.608819357477318
13.741346891245406
13.808472127548114
13.785881842498421
13.779986237795287
13.654098737608034
13.612128340949
13.583796559888258
13.515976504200212
13.525675436509468
13.548642266117497
13.582043253410045
13.721418550191748
13.844199454834548
13.93231822623974
14.024539204511248
13.978931310450037
13.922511522899914
13.887478463781395
13.896436505501734
13.932108335444536
13.982030057183211
14.108940999952658
14.167806980746134
14.16801502895488
14.170258559299656
14.246957405520899
14.338957983297862
14.426640477543396
14.540766563353607
14.606645211837579
14.653969052320361
14.60188528471775
14.566388232886956
14.511429540558446
14.344802046197646
14.296689394349647
14.303044672347777
14.233476072569319
14.155612103823737
14.131749356767768
14.06736946443799
14.089440901869448
14.039208546885773
14.09973134910769
14.146644139387773
14.153372495113823
14.164030784013677
14.13741625157901
14.08988969604303
14.179807638589564
14.360053634794703
14.378527741257503
14.389242303329208
14.413014606649217
14.446910004247622
14.483079038868095
14.578717850737291
14.625556528159045
14.624679487649585
14.581995524363924
14.574965696574855
14.550699109822448
14.517117820978141
14.524900725635817
14.413529358955627
14.341460483846756
14.303550628851637
14.307692152758806
14.344596844498886
14.317539899917852
14.235085942682602
14.276214751534702
14.314550795665284
14.27353126128762
14.232665815501184
14.24606797127705
14.302679057000473
14.370592492218318
14.388550138611166
14.417172416677385
14.388579705809171
14.394386782186876
14.40159767807261
14.361232334138549
14.421276541068062
14.566010718351997
14.54388750898798
14.52691913166449
14.512739604688313
14.58214019513006
14.67085936714083
14.726044014067652
14.744663862316042
14.731166780467895
14.580409031532968
14.554841031041681
14.644056521505817
14.603704148146297
14.49503660735005
14.44027087700675
14.40125657482406
14.369423872111732
14.34263218487502
14.434311484067557
14.385988619228673
14.431343137609089
14.475183148210387
14.541987056827745
14.493870179132108
14.265624717204757
14.203104298559428
14.203307703759856
14.285311112520018
14.27993324678225
14.199993872960073
14.154686004500807
14.174115671340576
14.06999801010795
14.023037101034271
14.001749825633965
13.934346983486668
13.999699376879695
14.020023112589591
14.127728395394392
14.202215900498764
14.194194917264408
14.076978891948063
14.065971186164335
13.996386775019927
13.88651557755267
13.881541085436435
13.895516917067612
14.043814664124396
14.182450569562867
14.320263928740276
14.303333938974035
14.293765420493623
14.388207379039137
14.432657468441528
14.340692433123836
14.283779921268739
14.2165256748285
14.0785460724554
13.93007510962186
13.839988426323123
13.817865268281638
13.845241923056209
13.875044086385016
13.805122843026732
13.707030945528638
13.631460173595292
13.715933666706821
13.813074046011154
13.895061348181441
13.897816621411192
13.883227150024382
13.800674672788064
13.735880024962118
13.76514517524532
13.755030567114916
13.780299425716086
13.835584198158617
13.752677238973861
13.679197704158234
13.650189911739044
13.660271425940428
13.773476414757711
13.74759706458359
13.621558029597566
13.674510145655221
13.80101226438483
13.821011101245057
13.919394558075926
13.861370066507222
13.77800813648091
13.746643473919356
13.804963744620457
13.789465910684877
13.730582832199854
13.758588939215498
13.74373251260025
13.883044474891209
13.972880150804702
13.897220328823314
14.012028510660471
14.143190220981651
14.133338243341182
14.13496840606144
14.148003191489956
14.066980844992107
13.963503838889167
13.978787113124962
14.072563952127021
14.013684458468996
13.968840026812083
13.970692871848
13.941872393602162
13.990829933916705
14.096680665295075
14.196822109912059
14.381983973097102
14.494509689210895
14.635470044192514
14.692067713174392
14.675074814211216
14.696803844075657
14.680200655251891
14.6427450048119
14.723648672034745
14.80320293749685
14.884538888516717
14.9625096877126
15.015826379042315
14.906786115876642
14.798203884793043
14.686311423058422
14.649978623867563
14.682419184128241
14.769064332486751
14.713868596539369
14.673828173351746
14.627939852024205
14.539898937641038
14.561790184072937
14.589844524031504
14.604189990727267
14.510854544804069
14.460931999308013
14.380450476645263
14.238739263463644
14.208559502834088
14.171466241798065
14.11622398413165
14.112034840181348
14.043230481460444
14.035653507519742
13.837545783965403
13.73716770232099
13.72211273867093
13.6118601962742
13.601367792583792
13.71970897425995
13.772626827973259
13.81116469697831
13.927844789876696
14.049459204226505
14.037589308811517
14.020061753348898
13.989416616848972
14.001323889170761
13.98983041860902
13.97233227656538
14.022199938698545
14.113945502208237
14.14342197176709
14.170064220569284
14.153843802239614
14.083311245651998
14.08369683467896
14.096948195667652
14.077272981401226
14.218779502829841
14.152527708924962
14.211751880886638
14.331620542692637
14.421198918421561
14.398322109417792
14.441739628037173
14.496776044641724
14.568149575198614
14.445148540425498
14.230057913804776
14.126878471100019
14.08294544628937
14.093924011131282
14.093209428094214
14.034794418169131
14.14853719254616
14.248549191245807
14.341562542416066
14.307433785165998
14.34904884466678
14.434592287017026
14.50068554528322
14.513809366098233
14.503583747284145
14.506586303651618
14.55062147831035
14.631506219775922
14.675725456074343
14.723925473951482
14.715454719792655
14.788799226615863
14.895485104070854
14.969050068397864
14.8497898720997
14.779901314884313
14.809480135905776
14.81853535391101
14.783268181186527
14.726783373662528
14.6383869483901
14.514704298599248
14.40451099655258
14.32902857221276
14.231527434122377
14.123664735698643
13.97317609355269
13.883414150997766
13.895892283674506
13.867666840813465
13.897174457342281
13.89943935908816
13.971241862162616
14.058265126129633
14.111444409241212
14.199777140477964
14.225792320688418
14.186132809623052
14.2054459217582
14.28078203677241
14.330083474265605
14.259736077764707
14.294956580209687
14.333909721651457
14.289277975986705
14.321551520214395
14.354057163389978
14.332244247719274
14.21562969940509
14.156447182556807
14.165543809710057
14.113310621063077
14.087895841603663
14.1299145711519
14.182124062496875
14.207630451993577
14.212691218248427
14.209843936903146
14.10458222455506
14.091376401040272
14.07737117141429
14.043213926590223
14.119072308736564
14.163429414204625
14.059826536639935
14.048717188585522
14.136127149962583
14.148402847536714
14.25786608183688
14.302215073733587
14.36336432253792
14.381409653111984
14.32876559360938
14.27655059554635
14.301613682940339
14.389546274270154
14.498127193084418
14.49486237457539
14.463738850989746
14.389758422358446
14.391798060990075
14.415724061191288
14.438260022682018
14.422478617044767
14.365868862891958
14.395842979455635
14.403838804635832
14.308049344572861
14.254755906619009
14.29088122482492
14.361994542650898
14.40620276715248
14.336659731213258
14.223048623978409
14.159614121718803
14.076110398654238
14.01716645351517
14.085237117863144
14.088262404633458
14.127410773168435
14.144849271443812
14.190377679626353
14.103388136331201
14.137283195412815
14.22336498076325
14.35300399039369
14.485404249358034
14.562777931394095
14.624489558419763
14.578210861411367
14.607279573037367
14.523144148751296
14.471054249409423
14.414670732907927
14.45877078884718
14.479662812803083
14.448194581986911
14.389358931193232
14.316465119302212
14.341536386150482
14.402686792217443
14.345498662923474
14.193966702136803
14.099529013680305
13.95191056084648
13.931058972216
13.99948663044171
13.941578350201741
13.900732488314274
13.939886136621865
13.983907730203363
14.057158432939614
14.099880948473567
14.109343251371113
14.04776138356085
14.066709271693318
14.033713993164241
14.078409001873021
14.077923776742683
14.112972135257197
14.123026185505305
14.070389007589066
14.02285776436837
14.041857452482512
14.08635735967766
14.1393586432896
14.040209301472562
14.032397916200877
13.921926832962042
13.798684267565402
13.715432813236157
13.707481140192135
13.735110301178393
13.763764643067255
13.745626323605322
13.86229444146514
13.872141870079448
13.889062173727325
13.886912399541613
13.949192410222441
14.063677370529888
14.026086547083167
14.052046139877543
14.071197566437746
14.11560345839836
14.019651855628238
14.114543528839217
14.153019264296194
14.13743295761168
14.102154722475092
14.083560586650984
14.008066236519564
14.055850453865135
14.124428662127501
14.157819706538671
14.276579258604059
14.298898200370937
14.24530917643944
14.153783796661388
14.145295245901346
14.19803902665991
14.13375822182256
14.078158607387076
14.067030423422706
14.09144181029743
14.115700772690996
14.065359811633558
14.096007151139352
14.162144218352463
14.257411986504854
14.233033695263087
14.27049921380482
14.31762674153588
14.288896603346368
14.175709938866861
14.190000805917593
14.189400323459907
14.185393608820945
14.08390542517658
14.05472998075793
14.009227515920971
13.96303654978777
13.942968527009695
14.055082790151648
14.124277293797965
14.175944083002658
14.163600422748793
14.256599764933744
14.305388208392714
14.475331463936916
14.484339845394997
14.390519935455718
14.28636145362832
14.270827442451735
14.210467670429379
14.123109564917307
14.044677751210624
14.103021829082323
14.122376615723612
14.189182699059689
14.296661047668302
14.380426704790063
14.440034487731618
14.387039442512949
14.253631008247497
14.22407297127597
14.247652754914851
14.396390361188557
14.375882890988413
14.347154403465945
14.383780569490938
14.43149648152091
14.375989832380174
14.328095722704157
14.323590440390552
14.437696307272702
14.54954521631881
14.635696602264572
14.62233830895032
14.64555076844135
14.62861592343251
14.71420574500724
14.737131758846346
14.742799989657232
14.738554719240087
14.666412932863562
14.551848314944626
14.469841567313543
14.488479616405929
14.451496297243017
14.304348836961136
14.223895815683399
14.278637533209647
14.306126631438156
14.27066511901319
14.240811928117319
14.265136900422338
14.175247955343988
14.199688917415363
14.2322226606976
14.205453191005157
14.189633920243324
14.320344918662068
14.458719598184175
14.387775354696958
14.35388462161335
14.371235819674157
14.327021768161812
14.158530101609905
14.032076976486092
13.911426385130888
13.865079068003892
13.805915641214709
13.825383638295824
13.866744007818848
13.91042996897167
13.811660358685316
13.763917203830982
13.759724566973457
13.85645613703579
13.921130165754754
14.007933639901582
14.1084722242454
14.182938915678728
14.187492193444347
14.219103843959285
14.184594706250724
14.313314556554301
14.366189668182678
14.372286306019852
14.416161857369348
14.461345007676895
14.391607078176683
14.337374809287843
14.319715875512282
14.429722958588998
14.415428744865125
14.471479612651878
14.488827098438895
14.523883676366628
14.541477505753377
14.530177656778326
14.507058683676634
14.525408278307939
14.607640131942011
14.678260744610748
14.615794386511537
14.52058310203449
14.47683229601548
14.461018883020722
14.516088406536314
14.561706582546577
14.491270069464097
14.46668069228985
14.50785098966694
14.517838682688199
14.453055571965413
14.337656033132127
14.235413958909067
14.199234814868642
14.210191522087676
14.290289657245149
14.403648655702463
14.394156916402286
14.252731378479174
14.248436710802313
14.278067922324858
14.244485934795991
14.118740665455567
14.09507546211242
14.16682153640158
14.26174395640323
14.365026043775538
14.429523955957567
14.388852993539977
14.392395747694998
14.328176352269049
14.27722701418266
14.261550013519562
14.266766073895804
14.152968157305482
14.044341104119964
13.986385689510216
13.928696430619699
13.949321232820605
14.041739628201475
14.122507280781887
14.19649339109048
14.297494669401575
14.27896722642899
14.246957869858589
14.123487229925733
14.06836259839684
14.031682009469602
13.962392018785296
13.87035551679194
13.722457678042652
13.650653374535063
13.586109136991015
13.555625047968425
13.576927087086844
13.528319046326384
13.469387552948172
13.576880750226401
13.680369395413255
13.707869498550087
13.700086641293966
13.65303591928948
13.698745106478247
13.750190675144552
13.761018116236828
13.684965394330387
13.61144906720999
13.619326009999158
13.74071485961982
13.768375116533086
13.77103039950551
13.829624992786194
13.86250490805912
13.826456818298599
13.709306143703689
13.690680443654951
13.773518576564122
13.75588644077282
13.683317534095655
13.562286743610496
13.526593484518365
13.494982729880125
13.559998651072496
13.570383422046785
13.672009842569258
13.740263535054739
13.864722985094051
13.820204509823784
13.747867458821565
13.542578590209034
13.529082104234158
13.605366328597068
13.541073066660745
13.5318902820656
13.587312403146068
13.65731375164068
13.66613985231855
13.740360644181628
13.849358872385027
13.911397821978662
14.055664547532349
14.17504673167723
14.174282511165988
14.204654955080393
14.239603372898276
14.371187818279395
14.361999188908353
14.253606226548541
14.203798296174003
14.158612387506883
14.089597349689924
14.092695339158624
14.160778109516105
14.248829056254278
14.277037691198784
14.33627719596223
14.330531079968802
14.340440425850876
14.37528670165324
14.37392940411462
14.335093747104457
14.200871586542432
14.07375276695682
14.050937632107729
14.0217635504136
13.973106186026273
13.983073612800531
13.955267671126668
13.97170541567541
13.918181595957108
13.872724431402647
13.810520444802936
13.659063760346337
13.53742397212594
13.511262811649527
13.587071350946475
13.651134354546247
13.60401567634325
13.665732815451094
13.776881681768042
13.876025965231147
13.884989473980594
13.766347814485522
13.707789597828361
13.68861926692755
13.749448347588803
13.882987027475073
13.948734902359663
13.9896859406947
13.944011906654861
13.858836778832984
13.961369552665673
14.032404363788507
14.138638196550664
14.268976040411916
14.350904965543764
14.429288055040482
14.485213915644847
14.375134039040493
14.245213447646448
14.178068033178263
14.148680599570786
14.172586587763785
14.268679404687772
14.298114363585261
14.33703275779398
14.338385604138725
14.262034563321402
14.120881788995801
14.027662330953452
13.983509102724684
13.952319801110947
13.86330623929301
13.8577114811043
13.976147664295867
14.123873025260318
14.187158014626698
14.214298502532253
14.241188868760362
14.298736767790027
14.241928916233844
14.230191442102118
14.219943753237924
14.253725040191279
14.372591828958289
14.486706050477595
14.509938674304422
14.587388951093748
14.622539767861424
14.68561004437308
14.617665325651787
14.5536056351142
14.435160670828358
14.354093842931324
14.397583370027824
14.513043671953392
14.598284716725965
14.563543743483343
14.531352185443962
14.38155386234434
14.324360166909331
14.335844488837362
14.403211068223758
14.361081846443838
14.361202443745105
14.253034220486922
14.190495669031161
14.203308644874216
14.129842857881735
14.074934746195552
14.034570994182108
14.057736980081623
14.133028451368741
14.12349502373632
14.027773236384355
14.06457990386626
14.079238579253907
14.095970858677804
14.04163360635255
14.031836823270261
14.029134761846539
13.98422474962327
13.96891798520534
13.994411485873027
13.911159014687192
13.86070483666284
13.960107838382157
14.00048650770397
14.015266457982264
13.869067605365998
13.910519595723859
13.927667063438843
14.002075550035192
14.052827587567352
13.984437844698068
14.06729161755122
14.204323612476312
14.178084761036942
14.14781190869441
14.052324057005798
14.051984010792244
14.195064296795769
14.331431559772327
14.282613389592523
14.162884294307995
14.141663918746753
14.038786822138952
14.021498355396346
13.999225450269803
13.918718419234526
13.834674721803735
13.814476276806912
13.83580110741394
13.755603824480463
13.759872835352018
13.934712658674234
13.915638241815314
13.837167150626644
13.872990860598403
13.869521122343635
13.96573727449425
14.029831480371037
14.059532218504017
14.080719112001459
14.132454491555253
14.157520347516183
14.181285475488268
14.240197915905183
14.219665852151559
14.31224404626886
14.210178271222071
14.141075275840079
14.0792463467377
14.253600267601534
14.37860938163413
14.389151734711291
14.284091088900547
14.275541331779095
14.256329194117924
14.186972529156014
14.09269710492365
14.118733030446576
14.250199145612513
14.26135087899271
14.296714036594325
14.294640022983902
14.19374231956793
14.206637979028692
14.09475630512875
14.013933805944568
13.98179149887142
13.943852293716276
13.94599684144349
13.950311872658306
13.995850836807223
14.010526322746177
14.039023627214055
13.961054311161378
13.845814812199572
13.85923314255934
13.845977526633968
13.844616148494808
13.973893935115054
14.002785046781378
13.871463933913445
13.8955094782103
13.970826467713099
14.05412565150689
14.029587710009876
14.05462024956496
14.150342753109936
14.237030078813072
14.223563488970772
14.189463110706095
14.100056941691625
13.990724595341497
13.845649508477564
13.785274829104411
13.77441420872233
13.736724748040682
13.767643117593376
13.858963486998896
13.938087775206286
13.973362513845862
13.939163062422853
13.976921323416192
14.09797763989993
14.08607872139466
14.125026850376868
14.109271456642382
14.104323644101667
14.048648365016296
13.94628275930113
13.77968354212329
13.727067597298058
13.629534998456098
13.513686805518304
13.560948381147444
13.565664740790483
13.545312868971662
13.59288591539053
13.678612609100957
13.743751933831614
13.816011934821145
13.866913867390343
13.927387533882165
13.895323219025428
13.848775661821092
13.722112848654833
13.659887436924832
13.662082943054996
13.641358681412802
13.583167046129576
13.596918191312932
13.639837375628979
13.6972639014454
13.751223475287645
13.708025611326075
13.669794600630707
13.770997151307004
13.818713314214573
13.877499616371193
13.949488099758025
13.901982209444915
13.821836467810742
13.887198739420455
13.976138268665169
14.006327846195658
13.934487329426126
13.945346086592371
13.982041796618805
13.941671875307016
13.892913925848793
13.880296953152019
13.894393249407337
13.93503759350178
13.971681506955651
14.02522871107389
14.089750574065382
14.117092468522973
14.111226833641256
14.049413988024822
14.053797713847096
14.055351170933285
14.133829174158054
14.191128410805817
14.27335916381876
14.258213474650264
14.163319566266942
14.098449665909676
14.106599349535768
14.225394628885601
14.267809217655625
14.21726882002596
14.108592367362572
14.066068413289422
14.0452069662482
14.090123424875891
14.04727810385933
14.060166586311084
14.01354416288153
13.986644390448573
13.891499124701806
13.915316937529205
13.96695951642587
14.138325192059325
14.249586406167824
14.2642320703598
14.21742356897741
14.257180015188393
14.29053219077076
14.35811472284847
14.336954131468648
14.436294543963612
14.505890716679513
14.432921850312125
14.353207892430863
14.453537285678484
14.551018170165158
14.581647979313066
14.589812091192117
14.612861697851354
14.698453662715913
14.582993252735093
14.423373046930255
14.370429027275392
14.390684175902
14.446868063753197
14.489161985641925
14.543579521633317
14.620850891058558
14.558439421889986
14.564587718819745
14.587349356699125
14.680190931408593
14.752059952065638
14.800176987222196
14.79866008114455
14.84613427163977
14.772804169710769
14.620206616751402
14.520102929745782
14.528984499833076
14.585368976203698
14.498344191033707
14.424148263548556
14.325206665118554
14.20227394799397
14.151871736731636
14.18131045647552
14.104994191847226
13.97468024863483
13.939710732450516
14.079280187341652
14.19123707742372
14.354512537344133
14.381145048126788
14.299872669497326
14.20404710477702
14.140914421152363
14.12720257661524
14.123968266445326
14.085283427384402
14.029523227992996
14.063727765162936
13.991245123509783
13.990262050687116
13.951863736147832
13.954128318717311
13.870447104963631
13.846358152602924
13.951530616118196
14.061701896090613
14.138623304326021
14.157331273233833
14.118768588031912
14.101296358767456
14.169437128253792
14.287713887790028
14.319939393403468
14.247725909548182
14.187314170808678
14.140536321307838
14.186808413883021
14.108299949730958
14.019895456240123
14.003933086727658
13.898854431600238
13.833866256625369
13.709199364797064
13.549203950502553
13.451288756639507
13.490023449206944
13.500547696713895
13.401469543898864
13.42133801353891
13.494184408141585
13.544794102030703
13.597841223437362
13.679125036258835
13.709056708910765
13.745786097203768
13.814137963565992
13.867913470735603
13.812281664463153
13.702865271871461
13.738751344430433
13.780487946086774
13.933714137223268
14.024622277677807
13.964380832601018
13.914394427666371
13.860657647208685
13.866921473727873
13.864722180763621
13.877156609403427
13.922470512506033
13.885557920737604
13.821366359228955
13.753404318771263
13.62027855312099
13.589289197050539
13.542772428674878
13.525663250707584
13.591156548182326
13.597856238441304
13.579325564171732
13.625463552312857
13.551605322705807
13.407449770783527
13.258158031023338
13.177200235260385
13.114498248261103
13.255966631671688
13.354879684807262
13.447805555899357
13.500295122111007
13.555239149139789
13.740680680995526
13.782450062742374
13.78596773297409
13.82604542620378
13.760123869715313
13.79100029300545
13.835416756219802
13.91475673546912
13.969579217723227
13.961383290526104
13.974418914261744
13.987622091336378
13.963435896418371
13.994141805044686
13.972220109998371
13.844396255793912
13.850766136758615
13.842138508653722
13.836999401806416
13.898056474016876
14.000124664720945
14.05735388832469
14.095078929541387
14.135550982764865
14.120075541640817
14.02403244288187
13.864939913423989
13.885592810608337
13.770326432704962
13.688011940234665
13.696858013756716
13.592434768522613
13.472557793976911
13.423487774624304
13.333776527569745
13.255597833332395
13.205036162250313
13.235512470088464
13.25632786732813
13.186444808188629
13.21540639327659
13.389423764773715
13.452257550877988
13.476347252929795
13.488703283861641
13.53441612854235
13.551518117814213
13.70609670086842
13.867571654687513
13.991016722792601
14.098862622753721
14.211706351096483
14.272730585820101
14.317470578884121
14.378940760046728
14.356970294513653
14.312716788580902
14.302661920997544
14.210558436657657
14.276116619885638
14.32787495272307
14.328400719770816
14.267765638931735
14.11041312674978
13.96151127154667
13.978149062812927
14.055924535041445
14.037838541284684
13.889439274305454
13.87581040322173
13.878283757329964
13.882516976246116
13.93292113070259
13.970728407537482
14.053840416014747
14.036976197325373
13.929792323051535
13.951163790561974
13.8013719302028
13.695712741372686
13.6916816188279
13.607364586787646
13.595174379313832
13.541091178934831
13.395761909226817
13.287617032247574
13.2060366163096
13.269854651806307
13.410377804502073
13.516819215509928
13.636583211500174
13.748322072158073
13.660935074402556
13.649726099042724
13.630839600230939
13.577331075928205
13.447955342109356
13.33601133823995
13.27739469377656
13.252919253631623
13.2988147758573
13.341622837939637
13.450951927946873
13.510432235705846
13.599015618678425
13.570687908990266
13.530034937746246
13.572059092394305
13.586210059331695
13.59760477265966
13.613910986665081
13.58780975836748
13.572928041123827
13.569128302972722
13.576410126695045
13.614184891636969
13.642034053355138
13.622052221426566
13.635560780956412
13.720687142763273
13.729364842953169
13.706662980954272
13.712827233853323
13.74032987016624
13.796525112352592
13.772931275043812
13.71395558320363
13.714523676846282
13.853320626390166
13.965797445559144
14.114718098067797
14.100109081470736
14.042556581800163
13.964207509882016
13.906068137119616
13.934010676962197
13.97130515991099
13.937964565199628
13.95301472248015
14.000486767018216
14.067836596841397
14.081479391012136
14.006168807212344
13.81114840180632
13.84685280411061
13.826055889224568
13.859491401683119
13.995494575150396
14.173677927422736
14.36713932172423
14.440117729595407
14.610651247835973
14.6565319854723
14.7271219972393
14.772323690429287
14.793649295560156
14.784061722989764
14.737025533198349
14.585533548738947
14.568890030412021
14.560823463020444
14.557445551466193
14.593339079684961
14.534169922303175
14.435789919105408
14.41438253502321
14.402259999155126
14.439713278792977
14.554649147354903
14.509135312442787
14.472139791806045
14.43811834421026
14.448736880445562
14.476436581125489
14.430996261084214
14.414000052066534
14.462005717168804
14.429615583349639
14.352439014286487
14.300688141987072
14.38524437165788
14.43804938922521
14.459116275784544
14.535517678864904
14.458848677324143
14.437316655335486
14.494105827426308
14.48079973459952
14.418867831447647
14.34607139422239
14.291328959883039
14.294604605604118
14.325270869246518
14.215249499323749
14.180432668496122
14.045825093196136
14.123421974651256
14.228415936809963
14.16834651477614
14.064420086021645
13.987529831435495
13.80288666056963
13.844658434218235
13.940684428759818
13.979326216474577
13.96031860370518
13.999770394053007
14.052939336638032
14.033690022578124
13.993804921611966
13.92809135687212
13.936766550171319
13.763140151880771
13.740800782495532
13.749508492499812
13.85622502778829
13.891953520874859
13.933771796466338
13.929318347884898
13.880780836723506
13.967122535883338
14.062389872716938
14.142115253257769
14.241792066918006
14.247999549207004
14.290154383863287
14.20131099241886
14.097107970767768
14.079787939136638
14.091830918856981
14.101366374879687
14.055658174293361
14.03278934471859
14.11996209251068
14.21314780551267
14.20323559213631
14.282953409921523
14.332454366630287
14.324495912751061
14.260710989421455
14.111140280386413
14.014711532710667
14.073079828338134
14.190983457524984
14.209992784450147
14.199887094118798
14.244281503470521
14.289349641558108
14.368626631936495
14.421670772389428
14.433572261347203
14.36003443019618
14.236907802987083
14.254568183809065
14.28408005428602
14.361375472977004
14.357093276712426
14.343470200541766
14.24877246914609
14.158283023867073
14.14437876577377
14.18059458226747
14.130416842791206
14.086287280460018
14.043278858942502
14.093499134571069
14.270991025187124
14.40798782843264
14.470855109358762
14.383053544618862
14.329665708789854
14.273982707557089
14.311561720228962
14.270714033181747
14.363095031913163
14.491867112111745
14.539843719759848
14.555357619582674
14.475087187062448
14.338934534655603
14.143528811782137
14.017699590975377
13.88855149748076
13.850100915800846
13.918300176592735
13.997504696208244
13.94413383061342
13.936977283603875
13.999522923251622
13.969050727752617
13.999947261087923
14.05173374516072
14.163077402478326
14.198022234994088
14.194338601668484
14.19697913615969
14.268378646353616
14.237957608867214
14.176592904641693
14.129667143857601
14.21582660047129
14.321521012073728
14.406317748550519
14.405162503432999
14.430709556276257
14.442080738146013
14.438954335207544
14.398552546800362
14.303293622402565
14.335504128754035
14.265896553544387
14.223952423125471
14.110639300070263
14.033089789963741
14.002007413916102
14.018338319608421
14.086876329775656
14.044184140092648
14.10168286700029
14.211553337266308
14.294758809031169
14.40888649467648
14.431967778238507
14.388890500538015
14.33605531228307
14.340709569920342
14.323751940007893
14.385306392484525
14.362056461624796
14.363358200982196
14.337214710018937
14.366450756700646
14.382092724629311
14.390827651321064
14.377575997539465
14.415268091365597
14.50510959168348
14.539525660935984
14.507085493935152
14.506017520286894
14.384141359270707
14.225844491781459
14.130239978491192
14.132914576132935
14.102298736197046
14.135253989088525
14.059672570849859
13.997751519674182
13.992501055079199
13.898810476748844
13.793892432308034
13.816841926114636
13.86751757010851
13.84839312096562
13.897143845379128
13.93992599948477
13.891397103697194
13.807283236374758
13.71162404508978
13.65477573816368
13.6427251458021
13.613618710529446
13.649752183592827
13.694343948907258
13.72804460996995
13.83509632173202
13.954965321424474
14.065290005205169
14.150758412472511
14.070774922920608
14.064438192754945
14.0448665239114
14.074399399031453
14.04024443463775
14.022403355774586
14.029529722351462
14.16210112969074
14.207438404445792
14.313993264489273
14.412474981297205
14.43794363323983
14.477032945883133
14.423398476066124
14.197513359275876
14.075254980659514
14.032155825894058
13.901491832011008
13.795032098354708
13.808050754846052
13.798514322725767
13.770724524353392
13.740014809949868
13.688824644705509
13.72213383943341
13.847457370756475
13.940005090910333
13.966627346705579
14.06976675201131
14.196395191010458
14.204738603661971
14.138933840684581
14.137312947760046
14.088125086568562
14.075889449676112
14.076597066305911
14.032319188867206
14.025584789053154
14.007734819982307
14.06457261834197
14.11945999650983
14.081306907074648
13.92449311332094
13.839573519309901
13.740021310441923
13.74931519889994
13.851875656491599
14.016600225120497
14.029733946489701
14.066431289946824
14.018513468040622
14.103072234731984
14.108975448868227
14.126134202523223
14.178542535833708
14.278256516606566
14.30538519147129
14.321833450869258
14.348555299896342
14.335044451781238
14.285998102499656
14.146146081900987
14.094059211088517
14.172059154617923
14.106428000427648
14.088381937115033
14.125279878203115
14.253597987533812
14.396004460434536
14.433088254061943
14.41198618720846
14.389682485508814
14.43315280718947
14.347607999030325
14.350373265980478
14.406231792439218
14.388263841727227
14.41740721067212
14.42628365142388
14.43046225653379
14.30029196099552
14.325756650732554
14.508936974506772
14.563907511475067
14.541000839519759
14.592972358304742
14.691794895117189
14.704436143285228
14.583891968786117
14.436492996667491
14.34539407102169
14.35988246117836
14.301065438182386
14.273764272036658
14.323529617288537
14.293949948927736
14.330477753406873
14.357022919329387
14.307281351929003
14.226522610609791
14.187106069646136
14.155731517516086
14.111057811087221
14.044307063651296
14.150294641668205
14.19875171226363
14.207189856257601
14.179858043312604
14.1062878540855
14.055734784300162
13.982778733646471
14.041020874206414
14.099895031703236
14.129060011208773
14.112876624826452
14.139848064170543
14.156174463302932
14.039473029380837
13.988452191981198
14.013451886530465
14.111821314162926
14.136376791154394
14.117168408329004
14.207292991615052
14.264147277219429
14.222813858783095
14.216211009207887
14.189152137970583
14.128576606972208
14.165865438419518
14.189825079488724
14.172842772547252
14.18625006821565
14.228181147816915
14.266884128290487
14.246049491566287
14.1523446359736
13.97272287810261
13.862459336233492
13.83019447712704
13.887363642772883
13.917607818488614
13.830071588168192
13.799311696775945
13.879112994365567
13.904896772429948
14.01791470610755
14.10909635904375
14.089920470530537
14.055702928478727
14.136002815477681
14.259486223058811
14.28961778475619
14.309746820081623
14.337675281668995
14.37490044056182
14.32501390617668
14.375071942965652
14.336656314397866
14.170829620833477
14.041383726652267
14.097086386101408
14.208108067482426
14.290264295788944
14.271392697151619
14.329858179414853
14.272594976482882
14.230418312195013
14.25279328150011
14.252349352053303
14.151603978067534
14.123449274055389
14.026319245188418
13.98516369360998
13.977498553526598
13.931673293550617
13.895049893207762
13.920213825831317
13.98010812481714
13.998727544805496
14.126454123731978
14.188274123979816
14.180372266440822
14.230109569681211
14.34577180663499
14.353275953601468
14.251750010208406
14.12076616167645
14.11162787032471
14.08246825061064
14.031504572856218
13.852902835393865
13.740340863905914
13.654108238309208
13.509620939572875
13.320940983577081
13.261854281116586
13.30554932240651
13.368530246581368
13.508989152159732
13.529151575769284
13.512347186081643
13.505133349453171
13.585383614180213
13.64202268549741
13.735531204193657
13.778464383089762
13.815582717279424
13.786202315305898
13.803511226541747
13.784649391562715
13.706402233676501
13.694400870170345
13.66203992083301
13.595991371496915
13.576632435596464
13.519651633496075
13.492788586103206
13.483776240152462
13.464146413227054
13.337363405612393
13.179985209500463
13.157376590090335
13.232562688233129
13.361344842432269
13.40910288625826
13.4684243994072
13.470519598307252
13.541707016632788
13.636315838698094
13.675845662728129
13.68897414859538
13.630988530849198
13.834600669053874
14.077723312078541
14.110418547351866
14.11791592386599
14.130005976317475
14.069933285156791
14.096908026851764
14.057484275957131
14.031225870477595
14.103567453054442
14.037620799017379
13.937687021908049
13.958445604076484
13.889240952765146
13.90215802563258
13.932694933087648
13.924910019318517
13.926678528460418
13.845756026846715
13.801631986193103
13.804928361842624
13.838855454841639
13.773387543843869
13.787312760623438
13.831362640552966
13.821345787770449
13.738308510405968
13.694444204590754
13.640066985972162
13.607981664199746
13.532660082386734
13.456092422422929
13.394412062054686
13.358817485831347
13.530987388773916
13.629540805865771
13.712579833330699
13.666476477657822
13.726078680423706
13.667408927955938
13.663420076731832
13.67136841750879
13.757080452894131
13.766310812228983
13.783373213055095
13.780619981793404
13.841100339033272
13.943146109355311
13.899871408299942
14.011206264012957
14.153722160775203
14.154460511824823
14.228307124029369
14.257855333708642
14.307329692141883
14.33553058369614
14.303539545255493
14.3172297455158
14.330809761711661
14.210461294172395
14.084224058552266
13.999801584839306
14.040628724361973
14.118920623079651
14.163727140747405
14.1376578527177
14.136262662430214
14.044094030684944
14.026406212159017
13.975722551615425
13.895511300261173
13.90691230220145
13.848966752231691
13.758690444285131
13.722127250540076
13.704011941635427
13.793720311181671
13.943524107853344
13.950449736984673
13.99495952653168
14.054081660278364
14.163099321624466
14.184366446414097
14.258939549707609
14.350710968658564
14.378705588651517
14.36305229818445
14.2723632028171
14.311404086099614
14.287638029483244
14.182509618060017
14.167512913589658
14.160436704603923
14.088648366083751
14.03813035681547
14.059677269847517
14.141843569714986
14.244705705465345
14.199960625976825
14.143909134443474
14.29434317846982
14.45248900041869
14.433280158542678
14.394176717874368
14.410797945528296
14.401637948644272
14.378930016601132
14.293798654460325
14.157456404487997
14.028935159933617
13.956843463177291
13.933525764690156
13.964213166333089
13.922113616272211
13.953736740578698
13.96449078229518
14.100629600770706
14.157902541126091
14.14647993381733
14.069846817955188
13.98783060285385
13.99820635510083
14.009909149518524
14.002534358472426
14.088515360386305
14.14444212514685
14.144718707279285
14.170482024843015
14.176377129904237
14.210307605461464
14.123661517552307
14.052668756570766
14.011526725235516
13.977259282144175
14.006509060716787
14.00320062623808
13.847394254986998
13.671527246970818
13.541049607779938
13.54530385731645
13.592442283689655
13.70407446035807
13.767517527790885
13.805378465622837
13.882592281020472
13.960543631558508
13.891824027416114
13.764120943514255
13.73454790555829
13.755146151152857
13.81319121771431
13.825173162161619
13.720004289049433
13.682687680428502
13.729601950600294
13.765312470749125
13.781878445523429
13.616764283474463
13.475802043183144
13.496028336702086
13.563574703325616
13.565634321954844
13.533999794791935
13.53401212904838
13.561874804132458
13.642770223008338
13.697638004189084
13.69343456192456
13.668037677580221
13.631036054183626
13.830564672150897
13.964776575149351
14.016241779059706
14.022920397775794
14.070670202148817
14.149826826757467
14.25541880350817
14.287398821914007
14.236179193318435
14.199725496232036
14.233419628526924
14.35387906739401
14.421879134852661
14.326143393268234
14.344239632083728
14.359993330911006
14.363796469034533
14.345126417822838
14.265764654637488
14.240310968995999
14.23321277708827
14.262091993755456
14.16440219736182
14.086792688132602
13.971660330264724
13.980989729419175
14.040601515628834
14.145265672792355
14.165847819853532
14.14517665857174
14.156617080163592
14.11559137199972
14.176895316160097
14.254271770319642
14.311376049817591
14.378445071021414
14.447740264668465
14.373343583954275
14.300061825655618
14.212379060054996
14.18589049349595
14.24842592012171
14.332805537784802
14.324590492986827
14.275252112042764
14.284059397785066
14.33733640562238
14.231502165563944
14.056790059302156
13.925899531032668
13.857901567589042
13.759206663154048
13.759144730244993
13.853638796528012
13.883264820785895
13.993757559418675
14.086818166200356
14.139036479355202
14.152235190624612
14.187758747290257
14.286779836013151
14.318864076180356
14.411388935735706
14.469921529961939
14.47215586969843
14.403282741747061
14.268715148071168
14.27996315703829
14.251527504756114
14.172019410855723
14.133040807944461
14.128022551757248
14.078033936637024
14.073380557250355
14.118111589572147
14.020197607814785
13.940355183122103
14.011677029885526
14.063101929701851
14.031758728256655
13.9215214132698
13.85803570813381
13.780247215072324
13.756852791879203
13.794007763160662
13.852026917832504
13.931213535197001
14.065659531076152
14.140292490964498
14.23374943764369
14.290060035364842
14.191205678031722
14.206975725186414
14.171327656013945
14.163570664969331
14.112220979299776
14.150423769714598
14.21024438152599
14.226766432018634
14.207110519467589
14.17993727639636
14.121254164754886
14.022940383954879
13.916098132112987
13.797867896609649
13.703503577414386
13.61086043844665
13.568556338695332
13.476832831942827
13.3751865472664
13.457936855577655
13.579013553549345
13.62642923674216
13.709780038705617
13.764689253381217
13.80010949120202
13.81591952351613
13.877839989332491
13.944221039795806
13.963547550227275
13.90209887363647
13.905138483833449
13.923121321828033
13.90045344240588
13.759280093814779
13.767399942480669
13.828490230905679
13.923856775998356
14.019249189191319
14.059353212046597
14.007978914461116
13.931262377643783
13.993235634082794
14.089726284699516
14.172298803903361
14.199070566514509
14.136275191617672
14.093742227473626
14.15440791318035
14.084013645762893
14.048178189664306
14.056511572755518
13.967435690903265
13.93859796391089
14.052886211089833
14.142657694625894
14.213754775758632
14.288250445389844
14.232972910392318
14.211355415617234
14.184672947048208
14.070279187079294
13.942745445405102
13.839214754946694
13.85671516149833
13.897218355754884
13.880981936792754
13.875423046361954
13.892493155771543
13.888225937628853
13.909876061342954
13.9140131154335
13.9898342366638
13.967010163042211
13.924495842029422
13.872972554209602
13.845398918913041
13.80672696182612
13.872438830644093
13.922586476259696
13.889704552208999
13.97974892489581
14.103884889529766
14.005740075683379
13.93679386742094
13.852334124939347
13.917646636890717
13.997914743303177
13.981405706445292
14.002721066910096
14.035243181542244
14.038435008319459
13.976372620480634
13.934967552980654
13.879006136735429
13.781948386869834
13.821575652855996
13.919432051600769
13.98654938123152
14.051659445785305
14.097925707266159
14.114441372995483
14.145376252827813
14.251168898694479
14.266183996448076
14.290756153310477
14.38983572407577
14.372970971853864
14.337334559039068
14.253368550221671
14.249754061186344
14.237666347135281
14.126586994557263
14.0729688606217
14.153755905509485
14.164923920476328
14.199771165012978
14.237326260889079
14.371505526685871
14.589560550554694
14.72755789409357
14.723317660500419
14.698469340895043
14.64428413396468
14.527400114616396
14.423768113204497
14.331640168817053
14.299697986373435
14.279860073033342
14.309726346666803
14.293216420851971
14.242539883064628
14.126316499412106
14.021471266107458
14.048468586121379
14.047618472922444
14.050373511054575
14.068451790407053
13.987810403236985
13.883822875948171
13.90130126704545
13.966707808597326
14.15802284046822
14.220686564333384
14.174190085478811
14.13503210819449
14.080985161484778
14.024467468624618
14.038056517122017
14.113506934155419
14.23913865889523
14.339276546194531
14.375192404492166
14.327513752748546
14.253240705597312
14.27452409752254
14.358973986780253
14.509443459708658
14.561869739898569
14.539366676898798
14.563392763936779
14.518479114984633
14.506102776615007
14.438606014725547
14.371308070932196
14.322988914560936
14.244146635013605
14.216584620729204
14.312721180922589
14.44201949859962
14.460516006589621
14.477326414247713
14.510375851849483
14.505442175534466
14.526772287527855
14.5681157225907
14.523642409960138
14.510108126429683
14.567831889851732
14.536910903676795
14.51425567323034
14.512625471909546
14.468964727754116
14.379581892448117
14.2727717439383
14.125229904510244
14.021664422517292
14.090237523699319
14.189650120328194
14.27573062701647
14.18996493727498
14.203787531823119
14.268907716423108
14.326949481287784
14.427922356079215
14.397755900128974
14.267019369359806
14.211391469404981
14.30122595709916
14.327460866520784
14.39853028724307
14.406719300517839
14.548351512618533
14.65953032418556
14.521859387109311
14.37731671589847
14.14158758625152
13.963460536804158
13.957668840398153
13.97658227677161
14.090071460231973
14.157278406010299
14.23528426850121
14.289027096506366
14.261776021646352
14.191291127089428
14.08686648060475
14.038368869206444
14.057054498084161
14.087391273716802
14.135943777074168
14.100756569560854
14.11938347783889
14.056853412436555
13.985269686898958
13.948554569766351
13.94978672502589
13.88541859340655
13.72620965004099
13.66710652408799
13.799137393338652
13.770253528825798
13.792395359525605
13.820157964931939
13.78465789201242
13.764173936858894
13.769093741316698
13.683503892454098
13.589950624262801
13.565530596532174
13.62557012436713
13.772028678707837
13.818968237151886
13.80051833096608
13.879397488375462
13.918542592497905
14.032285739205282
14.129712236400813
14.102551962851601
13.95864388711063
13.884060269555318
13.9904003910585
14.146688471772016
14.182114499900848
14.117980316283688
14.064615497305665
13.937773950432593
13.763990745611608
13.733055711906452
13.824617908366863
13.959972329059992
14.075290095044853
14.087120624343608
14.188737842139524
14.24456285898992
14.370946845148486
14.357732081772655
14.242927774367066
14.160598576408464
14.08687288451384
14.182008607574998
14.17538744235228
14.126394282468354
14.070632768367268
13.976554607459443
13.84314326405041
13.74318651720621
13.751937438984688
13.597010467212689
13.600269838782378
13.620147647751065
13.656312093989616
13.750387013395407
13.757280077975148
13.763272460391384
13.714384251313014
13.676120458084842
13.70516901164474
13.743837616102404
13.913829539063086
14.01323666978496
14.057704192228202
14.076976211313129
14.214651119032963
14.208805670712966
14.214199958782858
14.145751305179441
14.124476178908232
14.039357220573931
14.008371075147066
13.97824194169018
13.909100928258553
13.87221767191109
13.88135832678921
13.819558684244626
13.775324450078854
13.709106174860521
13.555696722227905
13.482540173666521
13.422874986946711
13.378928505584046
13.332009331173001
13.37125933152036
13.428676968187848
13.453745787144927
13.435833373013907
13.444264402116797
13.357481058984055
13.356436233220359
13.393993478853348
13.312939466400248
13.224200856151382
13.20993132174299
13.23963495098519
13.29120907973108
13.388778146973467
13.4521016332996
13.436775452748353
13.552391035396033
13.61230096135566
13.535547484503732
13.58926999972855
13.656430342396382
13.508874229877861
13.477070221985755
13.409989480639434
13.391242420615624
13.459882724939613
13.394213884267002
13.374201273464001
13.468593358290144
13.532491160707105
13.575566493545416
13.59137924253022
13.552595374812457
13.537148884832078
13.728897930103669
13.84753313098159
13.891082608697758
13.888175902918466
13.861418241677661
13.742105003202447
13.727821440724725
13.68671326161841
13.649715967505992
13.651359486518176
13.701617256731545
13.520158705407555
13.36684015179689
13.372820613215293
13.469048274536444
13.537493313811764
13.604745192680976
13.59062312803247
13.404285350305926
13.283140906647128
13.245026094163025
13.180685212669678
13.15368638534501
13.172990531955179
13.22465549599357
13.17134079040088
13.245947818168466
13.367329811860035
13.410875186135641
13.501340154600415
13.503233151260643
13.417777954123522
13.277179663289372
13.103703055318567
12.987284499806766
12.997035616367246
13.082965169574411
13.182307805458857
13.313741192644084
13.305536353303147
13.450634082577825
13.476112197261992
13.429367782823181
13.318785518940201
13.272469399238954
13.28763536264191
13.323910782693629
13.299796851846533
13.326689149503379
13.335308135060957
13.257946650836825
13.185298346675944
13.189904894801735
13.223755294459815
13.293967916750661
13.181660643042678
13.07608933621313
13.06045244412301
13.147677813196534
13.239774968494135
13.314163063843392
13.527512943722524
13.699649665527739
13.73129861415978
13.85094859961258
13.984403159163916
14.047083292060263
14.067958989344515
14.018298893312489
13.972516442322334
14.010647662099323
13.954592069213449
13.928608671440061
13.96861353563525
14.141692405331654
14.112917296840566
14.005070316092281
13.96953660276627
13.965763099181133
13.932087608776335
13.917800816537808
13.902140762546928
13.946083827700154
13.944431084594074
13.940140014285692
13.982595474158186
13.96423321214557
13.961243276440149
14.068491762431837
14.0484010133075
13.89130794218376
13.781452339676278
13.762363295291111
13.71353679114395
13.654460802033183
13.582385982172198
13.523304621765034
13.555303037134127
13.640099614247243
13.654337565708271
13.666293048907226
13.562778938209878
13.624565210528475
13.584212074570672
13.587648445394938
13.624715518208253
13.698933182360381
13.780861761092359
13.862264955342232
13.847355015677818
13.887838693920068
13.798498252908889
13.72558868866131
13.597058201864956
13.512024018760686
13.396045586715013
13.268377122595322
13.200838650195063
13.17125823918963
13.260899432587077
13.350570896381445
13.440472665688352
13.539935129057602
13.66611453876765
13.661434036703064
13.608386053427354
13.502170382346703
13.477768833746056
13.52102289420132
13.511970745766423
13.479464698979282
13.421668834433937
13.379921409509203
13.281405499718431
13.23058296073418
13.167097627808545
13.274732823423847
13.427806768794708
13.453270447899676
13.58518681551296
13.851419406432045
13.879557471299242
13.853670518676143
13.871021868224446
13.764176056285413
13.673362186704676
13.655891220042259
13.650320596060944
13.730557549411849
13.680111491971498
13.671482948099198
13.735455930169291
13.726937518871882
13.651850720712625
13.497533006791565
13.628389424272259
13.759775679860342
13.7151738144438
13.568110503047857
13.60104024202558
13.771617921623008
13.92617154949644
13.893838272839899
13.815878166312912
13.755595585152735
13.735113051226996
13.798785263552187
13.787253073231145
13.795043245429811
13.674452032150532
13.61410210475853
13.605190306790641
13.552789210736476
13.510351253103952
13.564085700478726
13.615842513758452
13.715200634817707
13.758369978540047
13.742385327225835
13.667072645086776
13.62408947149635
13.605561229333787
13.683677503747614
13.707740194367792
13.636615756322843
13.654720447139336
13.575779254435286
13.391980178125221
13.292905611836762
13.216942329042979
13.300339507397847
13.383138617805635
13.404048100088293
13.49352296448216
13.60387940071376
13.765924108050777
13.857622410165519
13.88614937092267
13.856949190409411
13.807389432863896
13.748095446175634
13.77364923817081
13.712112570600413
13.615761988585716
13.578223540178811
13.546159422529032
13.40113646011164
13.393194790758606
13.464265976137323
13.393749991507741
13.346696671270863
13.334380577551253
13.31847237769368
13.278572640089068
13.138420893515274
13.07689792272541
13.024058327223711
13.042426896731639
13.106711936445551
13.137582437562635
13.119740688598682
13.126645032400326
13.196296045991824
13.262644993624011
13.220960376734878
13.237930934840294
13.297060164406176
13.391071493303812
13.362834509970373
13.409271685481498
13.552839406971726
13.619638366521505
13.607843087647007
13.549180052198468
13.640355765421495
13.63977626351468
13.666899742815188
13.707490235340517
13.773845103846332
13.648691519452054
13.618094032060968
13.615107751420178
13.624869484751287
13.620263365488505
13.592884918109611
13.519169169572312
13.510955458615042
13.566490670555812
13.648770930623957
13.63074906125437
13.621156801292123
13.666292055732281
13.731347263889866
13.735094032471952
13.781121549437474
13.705673309562593
13.812599059047663
13.911063342895273
13.791946292162566
13.693894238293622
13.630917512806045
13.622015783088122
13.675917569944312
13.678386674328559
13.595673512421165
13.575657522008145
13.603251656331183
13.560812416261872
13.645130873905357
13.709800596872014
13.785018801002792
13.722824157719714
13.6612420983159
13.772567676614337
13.739272365138396
13.656298104709908
13.609345214408188
13.537929542790133
13.641122152033478
13.747104187492047
13.837830469051688
13.908545840658519
13.871692155848871
13.853121479193124
13.927005251548037
14.04266250509159
14.038720920351944
14.046921779331058
14.108225479643515
14.230716703135128
14.398848748838814
14.468473542987047
14.437273170327401
14.372476535157032
14.368842245110981
14.307361973031307
14.190594933644729
14.094464449473517
14.004012014861278
13.930507813021334
13.864203590651503
13.87179067942995
13.903662533111486
13.975143320866689
14.074818001732048
14.110560792357994
14.123320201938864
14.09590143853786
14.067018527462668
14.055283050757346
14.027994476636302
14.03997760572574
14.08000339733853
14.163524391260253
14.160525245859908
14.163126572004716
14.176728258447984
14.193183467062338
14.103428159100769
13.94984806364018
13.75153524205226
13.704458570568397
13.902461432155974
14.067454320776566
14.17851266698278
14.14647561132926
14.06960091643509
14.048985545486362
14.042685940892225
14.101194934970541
14.057989694974049
14.023201753172447
13.980118030522561
13.888621668531384
13.889138382511927
13.801712127612648
13.735993502480861
13.634203264989898
13.614716207957521
13.576278391992961
13.582899202086393
13.565041486444796
13.575383451756252
13.692711158911397
13.717178726800483
13.743575469140415
13.745315474131651
13.75262432177969
13.861144211950224
13.865224514374404
13.943985321519717
13.968604829598375
13.978755083492276
13.904877501097582
13.845737798554616
13.841675277070948
13.966869550863139
14.000851484072863
13.899339046955118
13.908783887562274
13.95607827833487
13.985927189759492
13.917282996821642
13.898647254114262
13.893966572774138
13.992115886607786
14.019754803610933
14.026094166285295
13.981510003594778
13.928205267594496
13.955162185359388
14.02379536697139
13.965009001031698
13.933060580700733
13.879426798159313
13.84667295777172
13.843767279107485
13.726677116448654
13.674709792699906
13.678418859225317
13.76092661150985
13.89541133124247
13.980090006971276
14.055743398822493
14.087186819857278
14.124373405206846
14.248280068783743
14.134646052887806
14.027485561058576
13.869488888201044
13.921802689764158
14.067883409954847
14.094015207112145
14.06479553216979
14.060082167117502
14.157621968827561
14.186186937129309
14.182164033675338
14.031814173215846
13.968308177987659
14.020452383464752
13.94854625591184
13.768040573747118
13.653152050701111
13.535936681508097
13.489619007960204
13.550892674375234
13.547274895346602
13.545751330627557
13.67010551221461
13.821357641636736
13.926982103526734
13.957699772751168
13.917207467848131
13.853138727632693
13.862228644313968
13.860148073409896
13.899108642599035
13.829835595981523
13.921599343480416
14.007731399422978
14.087393096363645
14.19204080420115
14.226689756697393
14.257991979003158
14.337762475865057
14.397134864894358
14.467868874473695
14.529081317547321
14.698892397350587
14.830215927235008
14.854835098581864
14.795803742500704
14.716609889486039
14.70123848050576
14.702628204962766
14.69309017661007
14.566925085415866
14.43695710417082
14.450873909995899
14.50882158202568
14.52275097006431
14.503600492816648
14.510100171574658
14.451610113995164
14.38489992115348
14.307711780240153
14.20651700240125
14.060498894605633
13.879742156397516
13.825036125979123
13.771307535474152
13.79938301310984
13.822519794044805
13.922249110391668
13.991497507228388
14.092117994822646
14.217497891284289
14.219301099996315
14.182257323464384
14.123187047444757
14.069757326089036
14.111409757548213
14.099404999444657
14.0765746815302
14.083303496254128
14.102117797065617
14.163244921309412
14.197601727749852
14.182865095907415
14.152566271339683
14.07933448211024
14.004057194116369
14.03087877751557
14.033206686249292
14.072678802445125
14.070357877394608
14.080389095275063
13.993192927067238
14.050424624647276
14.129154521288827
14.182862581669973
14.196866473810235
14.181957907283103
14.226888687558063
14.289779572680796
14.254888366603693
14.236432197964389
14.14359317707305
14.00770671258608
13.999878216111547
14.09923754297652
14.144086630339343
14.108456446979638
14.141237564983166
14.184395695420037
14.144564069372068
14.042247870236862
14.05332753181435
14.140920944566384
14.19977329246631
14.14763939707645
14.07720573390239
13.987849341827767
13.99408503877052
14.058510559602247
14.0658170682836
14.162009414028315
14.218143573331938
14.303641573969674
14.373715686087511
14.418296376561228
14.509294430267811
14.556330991100905
14.615239716002
14.641159099620365
14.707281146380751
14.729994603547977
14.75377355916378
14.724746922723321
14.6613958795262
14.61997066112594
14.626269861632696
14.71677695104606
14.824174509625315
14.879822671515308
14.924907276770101
14.913490870710248
14.859960041167701
14.83837647855607
14.83008204914663
14.843459337921672
14.781397647601299
14.656423613904233
14.564655109572211
14.588277172771031
14.614879264309986
14.680814404131025
14.790659046164691
14.831602833593063
14.742063043238879
14.64621202779688
14.669466809599044
14.675282990408812
14.617815078777538
14.612194031774713
14.788970509472671
14.866493528677129
14.821904097268833
14.829351199429086
14.870966400757302
14.902578220454648
15.043524442252753
15.101592085073472
15.067367852864017
15.034338236840942
15.005278503263476
15.041091086666977
15.079510992445774
15.10610178296192
15.049963880513625
15.018355543747411
14.969788473017744
14.953165505277454
14.982072514966113
14.928300116143978
14.882976833917432
14.885057095626347
14.847768636916644
14.90985549713819
14.875505274577868
14.757141136116328
14.735119590268646
14.751144588801688
14.640119493444393
14.612798151293761
14.570799559178527
14.462575158515296
14.527986561829017
14.551891534709856
14.48195614072495
14.458502545004528
14.432828047741378
14.399871814571314
14.36581594470624
14.464823417669042
14.509282494816649
14.506700814902478
14.530099795080638
14.52288645064809
14.377552400470197
14.302350860113382
14.145912185412985
14.08920887867753
14.087417397934821
14.145191401490386
14.13368555414371
14.180960894450735
14.196620353352907
14.164321113080298
14.002609940830963
13.967748497508124
13.948943371786367
14.064071522226044
14.060290828207552
14.037047261637897
13.97770448240911
13.951416167627531
13.887016475586686
13.864502963706157
13.804795692919289
13.738031111102998
13.708923205528846
13.792096914363688
13.817921769099291
13.914277201619774
13.965406470298658
13.92961046239036
13.945854317177506
13.973282769635372
14.03552580722306
14.058021078705483
14.079918560788714
14.043661587041385
13.973201090053443
13.934000919165804
13.938537944164842
13.90863481588613
13.810857407265258
13.596178787695052
13.575598977951328
13.611013793457953
13.66853279624841
13.673964944876378
13.688616939114103
13.708658331098416
13.720307662373159
13.69353816193997
13.683103926651244
13.622158167176131
13.63478811450441
13.785537989088693
13.85215758367225
13.785802933894722
13.631230825941662
13.572661329537334
13.551368554111107
13.4605788736583
13.473492655966886
13.518402728059316
13.568816218430689
13.654826073104177
13.806049070622974
13.90973426513583
14.004666583181951
13.997194544712633
13.969814048435666
14.021390939692925
13.983743597021213
14.021185249340018
13.976419046354188
13.964563704311583
13.995478392470444
14.060862123651347
14.108156249501302
14.16007206530606
14.060450821284222
14.044681646708868
14.080251686407637
14.185678789311375
14.287274701937164
14.284741144940542
14.355589471208303
14.366022350503009
14.39786685959533
14.491086089478708
14.649396918460068
14.742005999474435
14.807958817979673
14.751379987609734
14.622087678348924
14.558379722428242
14.500962139616952
14.436637573362948
14.37692326995396
14.433281230054074
14.449089377160167
14.381713265066892
14.343519252917774
14.256186993422235
14.275892174959155
14.24101533998161
14.245614537066299
14.334689376827118
14.336495708891942
14.230326849944149
14.252442972524301
14.277359368340745
14.201596708896671
14.127939508678502
14.085976086018153
14.098292499617903
14.169046513754534
14.339380321249052
14.404410950322776
14.482617849434703
14.463591528365379
14.44093439484328
14.480015821640555
14.480233779090888
14.412549338097117
14.29816059913889
14.253987783177253
14.21842892894879
14.1896520286995
14.261082477749065
14.222461984084605
14.213458710743838
14.142719188686948
14.118405209475183
14.195392878650779
14.300361745103146
14.301463316287306
14.331893385386714
14.430253672606181
14.450275595964145
14.372718328480595
14.36595143969385
14.353190584540823
14.269500978469464
14.19416264471353
14.314144926687003
14.34059902626485
14.275302257076904
14.214348644038695
14.175988504322545
14.124761931591792
14.224654048138648
14.17963691470139
14.137200392240683
14.10690815347618
14.091243371035112
14.101894158534042
14.011840790099264
13.946377671687655
13.991692906522784
14.062889437550576
14.075896297599826
13.914782381788863
13.858742984236851
13.92068917037497
13.954495474230866
13.880820528148611
13.855254638997634
13.90571221122346
13.888195411186194
13.851548410323241
13.858304815277553
13.836943019972345
13.760132754507858
13.844093349256893
13.926105260795863
14.065886405293513
14.129559660724386
14.063977655506475
13.933218701461284
13.78417816285116
13.7388015354019
13.865275600016188
13.900009123341118
14.000506021307007
14.031763645065343
14.009498510214788
13.990679282212142
14.063634040529882
14.102553231532381
14.060138757862378
13.938544198494226
13.979436645415948
14.063716228196714
14.115681515403976
14.181859925118635
14.25358213567129
14.333265233394092
14.308270828529247
14.41689775116528
14.46837524285296
14.621447770487517
14.709187365688354
14.734662612528801
14.715227146823896
14.649277453782815
14.582255174258597
14.448153949743814
14.372128229824284
14.327288432762266
14.307150990778144
14.301968771673149
14.339693679010317
14.405465453475092
14.527019531681862
14.580168743894612
14.616932088793954
14.562022700545535
14.493515709054252
14.405236746398968
14.276363891270153
14.181843702325114
14.135334808863892
14.051198880616058
14.046784908104712
13.98298389165681
13.852708417920365
13.841904690711628
13.87653355679063
13.84168796506627
13.847381656268746
13.948736337575145
14.150204049202895
14.27628191848204
14.324942808629654
14.374836150664256
14.3758424456006
14.389119033934659
14.497277770383898
14.562734368688508
14.550406863074787
14.573845605083816
14.447373856806916
14.311623018182383
14.207507450959431
14.145669794995017
14.082457960558878
14.008690991696076
13.920946480896243
13.847560736660212
13.761989339178644
13.748088400311566
13.706424268697102
13.80826817460188
13.95401696296798
14.012526015102583
14.08509443423715
14.175461391866255
14.180212162505715
14.062771757532632
13.961186420754501
13.931885705026517
14.009466487391292
14.08769861637549
14.08170747687504
14.03604763673576
13.99797586096384
13.953605700799535
13.88749543741842
13.865233078213775
13.772804645735961
13.691400331384699
13.635174574239494
13.678685064714404
13.85665644190013
13.960812602716656
14.06277380692625
14.041690144936435
14.06007868022104
14.04818648746649
14.073625364541579
14.077909980291043
14.113674258127816
14.281005513635975
14.313085407610993
14.225928191965215
14.223265114718126
14.217709894996542
14.313399650519035
14.286099404519732
14.290972528166643
14.31238446430071
14.189829471699213
14.134506369498935
14.083136887835
14.054221205072693
13.985561108281496
13.890038845318946
13.792951111138084
13.680021885053877
13.689251221122076
13.723033686959687
13.731850515258653
13.800961934118586
13.77606832108084
13.707430966335457
13.620159988562271
13.56781298540122
13.497390498871512
13.419544198908056
13.440870445050464
13.43116278302315
13.451750917044604
13.529986112983286
13.499471543823482
13.395056731847289
13.428478179619864
13.492298617590597
13.62068514182872
13.592518601814033
13.651383842841229
13.715445484709303
13.793663885470544
13.787767641243352
13.926929212432686
13.98391822829468
13.94257060483092
13.855252128014108
13.974805728221424
13.990416685031688
14.086915349307924
14.141297698173597
14.281816783922878
14.349906131379305
14.449652400619616
14.46766531697422
14.440101045150378
14.418774527655602
14.45749740741589
14.494626985459101
14.623979782930979
14.571073438227842
14.471820551990621
14.372738931118482
14.311111423052536
14.269839380263392
14.264508431671945
14.22875769493557
14.174343139710693
14.190094996692599
14.215074417931886
14.17926502439196
14.224416704006684
14.295053890801142
14.353365898300883
14.302872843756248
14.370264913314395
14.243912820050891
14.12701733275031
14.111797299381596
14.169279432913308
14.16450636577318
14.084320287020528
13.9484091978995
13.873648768774155
13.811437254226151
13.72337079129652
13.736637199660041
13.599556081538205
13.560441410708822
13.590875929706954
13.57249104554529
13.5569809520913
13.569541960146974
13.62648330919739
13.635412603267396
13.572609696431991
13.61687457224108
13.684850705313373
13.72649368267714
13.799154866785718
13.779023769706773
13.804335562447013
13.904763026145197
13.979773094485346
14.048794354409495
14.126892252908954
14.160197289627444
14.107410577885751
14.0586481578807
14.092292346248609
14.041300746259651
14.04578584550589
13.958304919602119
13.889847060804536
13.80236668406709
13.828133484541874
13.965959285401834
14.000009454663749
14.030466291107475
14.043342401199338
14.07193724776436
14.170684670327649
14.200709349171383
14.316336513300717
14.348519348527224
14.42480521139445
14.493938414488593
14.462265873862721
14.439033025539217
14.494483771718414
14.411544878578226
14.395445562829327
14.411584577834075
14.418897919777969
14.487059745803768
14.42200730695279
14.360600349804322
14.349556748254711
14.23602403215672
14.145441281553468
14.16138879819495
14.123480895232335
14.039985487642204
13.93883575980577
13.932563972542479
13.924408737407127
13.980067524373538
14.030501366714446
13.984886210482504
14.001161363737111
14.038809006246227
14.037381157612572
14.005185109903453
14.010333246668566
13.999858359939356
14.024966128130899
14.106948374162052
14.096445170424058
14.102354418164142
14.006749136190484
13.920519459842637
13.90992142289972
13.974811221893958
14.04706340500641
14.07378523470847
14.118415567292104
14.091476646810394
14.110925907547124
14.073497774469937
14.059561551247354
14.05606925735438
14.110267434226007
14.228720764579508
14.323987436596592
14.35258448878948
14.352331710463588
14.343409437606972
14.387378215356897
14.56306854071664
14.642459934761442
14.547501978028347
14.586448820355317
14.573185212501057
14.594835792350576
14.533678985273054
14.559079508245375
14.585959826889079
14.656045155536733
14.5981070087397
14.517806981063979
14.449536418076237
14.36781113783119
14.29035561477161
14.32422523565355
14.39144152381698
14.537677305878999
14.738488155618084
14.794270269986049
14.696257204267182
14.681690077654993
14.606211846878386
14.550614387904595
14.455763003217655
14.35649116710558
14.389680804333889
14.463324013472228
14.438508638453762
14.428231953946812
14.409466320406912
14.389279885179958
14.367297436383943
14.396700510822665
14.379355864064829
14.288447759606456
14.275309763669368
14.365925899283857
14.40400505575328
14.318524024658174
14.38472195455314
14.414911666522022
14.48353586325218
14.402622151029684
14.264629567903645
14.141049970715725
14.044545532662493
13.892303757339295
13.88403775030649
13.823020347374232
13.805965756342836
13.785978653134048
13.751306671138334
13.654638525736656
13.66239135861512
13.633533260271902
13.550815231321792
13.525737094871479
13.414155835366927
13.317020882089729
13.313195276437071
13.391853100317553
13.45952665792904
13.491924919965989
13.463439915528733
13.433379900808276
13.458532181474505
13.451024749143837
13.456035274441605
13.553089253026458
13.572590539749415
13.633472624264023
13.552661699424322
13.637810464229092
13.818154916265387
13.822127420103838
13.824934854175073
13.924181669098067
13.945513864250866
13.896791861462312
13.874171593712092
13.85058052096781
13.812270701126995
13.746853214974696
13.717163810477471
13.69698207791342
13.738352405295895
13.829239061698644
13.84846837819797
13.873471265374938
13.933023628172974
13.981470720733045
14.046049914002916
14.032592710252382
13.979611419787593
14.051177500326611
14.087426497915944
13.950917063891147
13.897306184293509
13.917876758833167
13.931286515932523
13.863010463042515
13.803097482690799
13.810754405371453
13.800584241514592
13.851876149577432
13.901080931565426
13.904203972249118
13.856494619706414
13.869847205153683
13.820255347326308
13.849195712418451
13.907505539966882
13.991511599522541
14.123398194727821
14.152258000738717
14.172913610598016
14.180631619040662
14.177348003742326
14.23437488600229
14.229588730055626
14.20113149147346
14.198662002933741
14.139853482493798
14.12366965254535
14.167454625563662
14.09851079993819
13.97464283980565
13.865070457892482
13.7058069290845
13.78186815283248
13.921510893551106
13.961313996254434
13.97613950057426
13.955092472402493
13.972001262694931
14.09724905612004
14.179892039501267
14.167431218272872
14.237582394655055
14.149806495630353
13.886830508644103
13.824376009596278
13.858799781552907
13.896018097294062
13.88030545693744
13.85137003169338
13.817002530426723
13.87885294996747
13.772410491525891
13.684250573868356
13.673207175471138
13.794269840645033
13.936894191701159
13.943342451695472
13.861658076645323
13.823223172797054
13.746367197487087
13.696313591562829
13.76068429472453
13.777615082539413
13.754234984102226
13.778344165866327
13.83434207814595
13.885020227395945
13.891216448424428
13.829908081297994
13.79550882795438
13.74524373294272
13.71438771842067
13.843357468283353
14.043109449329764
14.15843361452286
14.105001406591157
13.999611346447281
13.868472298603617
13.756239006205698
13.757689110045094
13.829736051264213
13.980238365313744
14.096210880584408
14.166492384164476
14.138770186530898
14.26476410115469
14.294765682429924
14.23503554435662
14.220477733554237
14.177663230918776
14.101397463110516
13.869781761943184
13.758876742410832
13.730089978467364
13.662745737596802
13.717533179905988
13.765974716517254
13.792365241647312
13.73818285610002
13.668836109248359
13.621995500155586
13.513938512605348
13.385650035821985
13.411706835954861
13.521206089299914
13.606076771245194
13.675084968053097
13.601465668088853
13.550445533278843
13.490586573363107
13.581558121289502
13.647628871250786
13.629319976106693
13.762126211060227
13.82428956531831
13.739516678325575
13.68038778242897
13.722478770399706
13.77874478733422
13.914489241822631
14.011427421331657
14.022750869453121
14.065622065484403
14.071295322618875
14.064020775594644
14.062659477109147
14.065552255811857
14.09364947880181
14.119253133530977
14.145480840645762
14.031859278046523
13.950744852341165
14.024380356617906
14.029372236677757
14.04133457309208
13.99937228039575
14.130228332959303
14.263892778706293
14.210735219556893
14.069171385109996
14.057219600044013
14.021459464863021
14.00239640881683
14.044696726187746
14.131826441730968
14.27641758528574
14.358087522463263
14.385866227145844
14.412069308556964
14.437889024732295
14.479509690192021
14.489197049726787
14.391036254028567
14.380614208308922
14.424339418539597
14.447752424035142
14.485266578813256
14.57575107486381
14.68420060349144
14.687504068881076
14.631686073305085
14.559847126314342
14.541538351674157
14.459962165160894
14.422627999825878
14.422132404387341
14.506316374159235
14.537722053079637
14.622108295979544
14.728907891893261
14.70033385513399
14.573932199692349
14.539734556728726
14.645643417407685
14.749071480064934
14.768202775073275
14.749740831220182
14.842694452560838
14.90728901255775
14.877979254652072
14.858828102283574
14.8757858402115
14.799681700917628
14.79691150587642
14.717133221606517
14.65490421385238
14.655680139751759
14.709967115871946
14.796941460963316
14.888007003614852
14.842527616975174
14.810647555846774
14.772981008839494
14.781043705669068
14.673094723733394
14.573989587993093
14.545056178419074
14.599377745825638
14.615462579989572
14.618639669585656
14.615982693929258
14.58150524534707
14.518035856118379
14.379711425890939
14.350762209831588
14.41035710221146
14.462014528038607
14.526218026980697
14.550117080192335
14.526239083566056
14.468589753246867
14.436800326358894
14.417892680308654
14.465983815645705
14.486327900530776
14.543367436495124
14.568908535951698
14.540363874206653
14.58238896246037
14.575488876298934
14.59957283254445
14.525999696909938
14.40712591041198
14.398525774115246
14.42035722470981
14.388111709998917
14.375793411345857
14.46034227354802
14.43945632426751
14.418380616846077
14.430192892101779
14.295004374842058
14.281624249302212
14.236011434269852
14.193144401699879
14.10116748629864
14.086390049010376
14.199915637150719
14.174589132434189
14.152208605787656
14.098033892158092
14.09147254837868
14.024438027693494
14.032887674832253
14.087730396095482
14.1423927059363
14.14751650819013
13.957020494031783
13.896080428085108
13.914549695313063
13.958353406349223
14.022546898484853
14.014210827743554
13.975972589665995
13.872115647597534
13.881927446858962
13.9077981145679
14.037833825507306
14.09899640082307
14.132620599397475
14.171356402577576
14.192346191039054
14.194452500379281
14.212802638509528
14.12011370176896
13.951597136770603
13.979612821250972
13.998932684407063
14.020177583438459
13.995544371550906
13.958213029952736
13.91123487767938
13.901071452233715
13.919255070424002
13.847474984951184
13.778750525337763
13.777038712517552
13.840730169431106
13.997094097140678
14.054703882353989
14.04652434291677
14.004547058364901
14.007419283071085
14.071471336872754
14.065442607074674
14.131971856561517
14.243060072538814
14.12873512733533
14.099446374010641
14.20686237247928
14.346788289446032
14.380683026168596
14.461510123167447
14.520998359875005
14.625268583277126
14.6207041161222
14.624758554212802
14.657803526660512
14.560781595490743
14.511623346900995
14.49873312885846
14.397664037540109
14.367677295843263
14.40889575907541
14.328519480971758
14.270323861368723
14.124403433128082
13.971226509327593
13.911620925121468
13.97188155096337
14.068818047233353
14.095591983569518
14.07218260398486
14.020444341836559
14.188375072103113
14.309770422261101
14.392953824373194
14.42574000132895
14.408415800973074
14.43451588534496
14.425362137772815
14.393164380853484
14.304077399759498
14.335321213061977
14.29460757411887
14.201925290143103
14.007574236005265
13.85460250982771
13.764179529605764
13.734286235813924
13.748699427516367
13.657285346781109
13.607386630033766
13.617768412884669
13.560223749025266
13.539865253409323
13.580819599155053
13.711034117255092
13.741461555923001
13.713136714432727
13.688233729915599
13.51025091214689
13.505263673150967
13.534495028438688
13.50166886015729
13.471307148128957
13.355247936113647
13.316305513953958
13.196451520852706
13.095004475739064
13.108901257358163
13.161183417437849
13.222720314148372
13.297262978663515
13.310248285249713
13.299505521436652
13.31491208276265
13.350309904702355
13.301095196809541
13.279910213780338
13.32560209937973
13.404484897963819
13.458261293193388
13.416487269066385
13.386930308982924
13.47418245380971
13.61544436224268
13.67026173058991
13.616637896234087
13.60152692670008
13.59650303789443
13.61433282380234
13.562416474190353
13.693325785172622
13.785178619517792
13.917225990172788
14.077436755543383
14.143652550663907
14.140828955273001
14.13094988248764
14.051315149367493
14.026231211517317
13.93243993989125
13.92867179682024
13.904994293920955
13.952786521700558
13.971878384166745
14.074744759616769
14.060241099905253
14.01822067915665
13.91803668347955
13.84157223573632
13.841378115095823
13.82028597024214
13.720287348997584
13.608953390330978
13.58563998084865
13.666699565159504
13.639554008621422
13.71336761554078
13.810344001782864
13.955289855655778
13.843050576946728
13.78206269814413
13.696660463557889
13.657099877562898
13.645160406111131
13.69517573062806
13.719947551992584
13.6092683265739
13.5816983005534
13.567034634685092
13.567003641734573
13.589541194502452
13.659416987104873
13.75308690711597
13.918331159841909
14.086635180855264
14.026771354071514
13.983974348928916
14.039161207304163
14.077250564860964
14.145907532063136
14.290505690681297
14.316390732921853
14.346396952494931
14.403408266864593
14.406780436809504
14.395557626663923
14.477366452876646
14.467910350269472
14.385380291334563
14.41126807802446
14.335472912815582
14.280489714695483
14.250794909469546
14.196885491308636
14.18725291936589
14.180889542107224
14.109416190255208
14.188630906414298
14.23889300010602
14.142224050587263
14.137113047663018
14.101886867763808
14.166713352559459
14.209144076195587
14.400805432211534
14.424754644754076
14.343738350520942
14.221386430425154
14.142444332543992
14.035736972651518
13.993907371693373
13.914399528287161
13.920541547490181
13.959149453675565
14.030558115481874
13.97103587813164
13.89663683838249
13.854185764947843
13.853470018421124
13.86867157056543
13.936842886571222
14.044345984927784
14.075432749249867
14.029883025176499
13.95739334828543
13.948340299078486
13.83860851861529
13.865397201890335
13.922077856779364
13.960018869519704
13.986523770258138
13.902579777115129
13.899300901774662
13.859356114883182
13.825471901991394
13.87553447084311
13.954337118210574
13.872020270326226
13.869569365985964
13.902159107108982
13.896416580830333
13.823460863410686
13.843253480076815
13.842561973679643
13.860697840654849
13.837380601524757
13.870566645386514
14.00940396341137
14.127555340628279
14.110643830981045
14.05370684665521
14.034943788024398
14.105866058967745
14.13100332179945
14.120623918807432
14.140098905471747
14.206431642920357
14.322535222125149
14.301268975132187
14.274444236273686
14.266201386760237
14.204318993895951
14.188257052221829
14.269814946594625
14.323479114106343
14.268418775209087
14.280652861248521
14.128033661175346
14.099103083192455
14.11748404904513
14.208875364255876
14.129533545268396
14.046213457517165
14.083960056980809
14.206737138675136
14.309535462336482
14.344307721126812
14.367574897724461
14.358158075936647
14.431822239693428
14.426284281430245
14.356965789466942
14.324246125702611
14.339659317529264
14.472143879592121
14.428878691021016
14.48957444187757
14.360611036859341
14.321837325142083
14.238910847853136
14.185514106786714
14.152212148458432
14.061754806706555
13.958416958639718
13.948936810022476
13.971711875152685
13.975244494406937
13.951417235350387
13.922013863095085
13.97134229074814
13.971095891078228
13.95754692626079
13.950187231191315
13.869665244055199
13.83618976788767
13.888895316476816
13.936171310661964
13.985764838192766
13.889514565412057
13.927131963347268
13.986482043321361
13.954857273076367
14.077322659414074
14.171526393790707
14.13113358457042
14.03012250634912
13.9647751858214
13.98035224447627
13.982757893842741
13.98285210696607
14.014675540195663
13.99013947869358
13.887653954711682
13.766729487322728
13.661867421310983
13.610211630743482
13.510847768945563
13.54782412110912
13.606329566740865
13.652871644674928
13.733350975478116
13.877133568488306
13.9999325687656
13.924872107526838
13.842755194563527
13.737036044366267
13.733580544104646
13.709016354162507
13.697650790114912
13.721899085249735
13.720887187986646
13.770799997943904
13.734111172073995
13.784616158903441
13.855177429862284
13.90420867228721
14.028597151233754
14.109954605491996
14.089155802856315
13.96765556822485
13.893260156045597
13.849281040512201
13.904917570107706
13.92065516178381
13.927767738006844
13.835636345862095
13.769216512379181
13.842765919915381
14.015138561058478
14.108980169662964
14.245533103993544
14.274496825814444
14.286379063410994
14.352964961351756
14.35472543759691
14.252611972674316
14.215646359469732
14.282445317977894
14.291316727083307
14.165040958677151
14.060164705567145
14.029281174612318
14.059367083499543
14.109132462425972
14.15215549932577
14.241063677340776
14.257096141972356
14.135290656270028
14.03130773322212
14.080861359741117
14.092940433362154
14.11614581716496
14.104091285675075
14.01004152096339
13.997566504836714
14.107335222519199
14.249107875544267
14.168023675376164
14.153852277309717
14.158747103502952
14.214017389770085
14.187142159477249
14.134897239176713
14.092730127302058
14.019943949673658
13.92386494405903
13.928975640737436
13.864058820788113
13.823871915061835
13.784233532323473
13.793421978552468
13.75313290990949
13.733460772184353
13.729488665102243
13.737726146234149
13.686739989375848
13.628980392591066
13.63278451373367
13.591119678176137
13.593070907081511
13.566761188534985
13.496525275083997
13.585369410942565
13.562664602144856
13.551206452599935
13.532389032756086
13.53679793439262
13.675413112785558
13.760877511977068
13.794025041834173
13.993292240086584
14.085829991638677
13.99780286409419
13.906758251025765
13.815013474700752
13.605549390999386
13.587424687830966
13.585352836823853
13.589256477268439
13.604356104984866
13.657202607546253
13.58702363687703
13.735897942009457
13.874203953353462
13.83699178317788
13.763339995596706
13.814912201403317
13.854949249664369
13.96129271633626
13.993228663815977
14.009893398935645
13.913497550144037
13.9563175039905
14.060479904798154
14.18973152793101
14.18076674434569
14.223618257583245
14.148544079144257
14.019398506130921
13.95790622786597
14.003786125714203
14.132803087240863
14.170594848836497
14.183744999686773
14.23148723738928
14.167649312493179
14.186311534056333
14.288920763225898
14.293667672380955
14.292918960773951
14.256530071508987
14.118562743975103
14.094094339797243
14.112514245275502
14.06524811834915
14.07574329440444
14.077230785441973
14.029666462716765
13.902543908649466
13.82162833656786
13.883194957060798
13.835241313871775
13.875898565939805
13.925156469437539
13.965687843140662
14.021459330293427
14.013902861526484
14.001105303861051
13.999391046780396
13.939275856869966
13.93037389866083
13.969663666663093
13.983075163739112
14.092814386085415
14.189922136558245
14.095073161029752
14.085562802541448
14.124228253384636
14.165569898966131
14.102394348398711
14.05599046800031
14.056333611292823
14.015427555274687
13.96962781688236
13.95654227524448
13.860277018875646
13.75319558489426
13.711310903231952
13.749728881539403
13.890428058544178
13.991802228589863
13.993406003272149
14.048995166426678
14.029413315798395
14.032277761650176
14.027680474627124
13.901359034883603
13.92666046056231
13.962111369867051
13.943265232897959
13.908514294452793
13.9119433681065
13.87232707340149
13.836371465283264
13.77273750288333
13.71285570125415
13.663850078246803
13.667737094595761
13.727552043273194
13.718428205222397
13.740575639604998
13.793713808342837
13.862490995564393
14.006308960606022
14.20550940120923
14.27278997491878
14.22404890115237
14.233681162746084
14.28014073915757
14.381616593674911
14.491448476166495
14.466927955598829
14.408495648197619
14.450029504511667
14.59871060303381
14.657756235246977
14.58559098399413
14.632082083799327
14.598626333123498
14.547434676174307
14.35611549293423
14.188123399626752
14.086324948234088
14.001179924832893
14.039649586396328
14.113846060032005
14.095327566272775
14.059788835762546
14.054973023718144
14.15417643041425
14.270110496667536
14.270789443915566
14.254335465143795
14.20738989807327
14.249373025545257
14.256855403886693
14.340210160284114
14.372866355780808
14.328907735397015
14.334252909449702
14.344722088720982
14.2284999832819
14.235868575793512
14.303809171738118
14.316818442415354
14.37449875027681
14.434910795126743
14.340340504859013
14.26444354852927
14.249012175578505
14.291352591047591
14.389038916681159
14.426844213452169
14.49969622524304
14.437279503814436
14.409449776509613
14.403487969377911
14.45933770862566
14.348338653360317
14.315246434273083
14.31830743373139
14.394406109617973
14.484663633287274
14.486390707070381
14.528722969452135
14.600756805192669
14.590393147541594
14.634841881369143
14.57812009972852
14.445497101552519
14.46971513724437
14.507568133160508
14.549292824154142
14.594549146545537
14.585381074423164
14.572834863861988
14.618156155329611
14.660367262603836
14.738776406170254
14.689505863652078
14.609042360680661
14.522890479706263
14.459557337500785
14.524201243441173
14.515145180925881
14.392035714105283
14.34715806144402
14.233552824692882
14.081738946991269
14.060146819086032
14.078211003633909
14.116593615023948
14.173524657975223
14.176384025379324
14.22834286451965
14.205871785298871
14.127692478582473
14.15876537084011
14.084388247158035
14.098286285360286
14.168012831201688
14.176201538208186
14.091863672330572
14.044364898840236
13.951021259660134
13.912851029930854
13.924169461836847
13.858991974420004
13.832461731652524
13.835101743364888
13.83444764416034
13.742566724061234
13.71976934518438
13.746296676349573
13.787346669192697
13.912856805727346
13.94385100234601
13.89785698718206
13.903488692048157
13.82606465607812
13.966966598893361
14.083745005368108
14.228570951493372
14.161897159247959
14.038509424428208
13.964847593968233
14.03789287510521
14.08391572931662
14.097091289740877
14.059032291484108
14.039549681652632
14.104663024874277
14.061142275463123
14.049409556713796
14.05460579676097
13.949928983157875
13.877366969065076
13.871666972392013
13.915684992053373
13.945893948305056
13.930608932770093
13.924500675132615
13.911073229017495
13.894235650848728
13.924706370676427
13.856544016654057
13.882028066415966
13.927211125335756
13.977859357158296
14.02784160542871
14.096086896949386
14.12892456219724
14.030399582349936
13.886214764268749
13.901462890887123
13.899824822715779
13.921555427578225
13.927606132624684
13.916339475277962
13.870638182692854
13.769076349193265
13.65053783640737
13.615741094459878
13.64244747344888
13.808043068881037
13.9541021616667
14.092044240200273
14.193196446934259
14.343430046951415
14.37273961143978
14.42773428534085
14.459442926791535
14.518707345948027
14.38254174918111
14.340267252213337
14.28404569512572
14.222869479895813
14.210234487433517
14.212053475265892
14.18043037398796
14.212656438618431
14.185719092069828
14.218362277263065
14.361756161552087
14.469862229837169
14.543177421257228
14.595796534394063
14.474457734986318
14.269568636020423
14.111775959429565
14.099109634575727
14.247842276905168
14.191528350953934
14.031266501854747
14.045054280471925
14.036775945986419
14.004455227645527
13.984061127421898
14.057346478772084
14.021742665890146
14.122856642563947
14.079598687988124
14.013792258587632
13.998166653070369
13.928923116129544
13.852204575128395
13.787185542550903
13.714202329151124
13.691893053780985
13.666326813162767
13.664750971248072
13.677340319123873
13.737924428395834
13.818834877207681
13.822790637740948
13.833824863451783
13.828600325278881
13.81479850169594
13.731231620255647
13.655686379074641
13.60359217679133
13.60325976936541
13.449928663812727
13.442994008880385
13.52417626179176
13.59151561389469
13.562011893422014
13.506363681984743
13.497806617518286
13.414539112765034
13.357303427602428
13.376158009840005
13.434330125940086
13.56207636962835
13.67542792168754
13.774968441826323
13.818507515524502
13.957873645482143
14.0779186918804
14.020568803570113
14.05507373529584
14.163093385505524
14.19018162374388
14.160536706691214
14.134064257880372
14.08437221396329
14.092619948361104
14.174942762811094
14.184960973930416
14.189956469378457
14.18101655489468
14.24584078682826
14.309456329221309
14.294826489080087
14.280192594044916
14.313341517183698
14.232525859032368
14.153696115089284
14.175479966765254
14.249887306830221
14.295544147272523
14.242438422133992
14.21295131400949
14.269373472177673
14.240892303400353
14.176903370947828
14.123267783915068
13.992759171179078
13.8979153345906
13.824606851897371
13.802941631844199
13.755149456291818
13.688999398491326
13.562771934086086
13.5338197722454
13.535865315292714
13.562858436080287
13.487895306656249
13.549346510046252
13.759351012996461
13.765353454383623
13.786263995674476
13.771714346846709
13.764935099018736
13.791343568094852
13.733040182726556
13.673329538138917
13.65483348880614
13.700511083257778
13.755369835771846
13.756090608030329
13.657358972555711
13.66902588467816
13.851136328923875
14.004174975286572
14.046492181485357
13.993983084815634
13.985748181630528
13.935994057761887
13.846358249437998
13.72159611156733
13.663488915461002
13.695245259362473
13.752731368465145
13.726955512222283
13.659335604506456
13.564749261641609
13.533371193525303
13.481183220439428
13.352962742953906
13.253995089370294
13.244603951864082
13.229170804183186
13.199389423846153
13.247300773875455
13.347367664749529
13.32588950852767
13.332855530036229
13.30605389267892
13.335009020647561
13.358537854032795
13.312714620045023
13.341374470768736
13.344887832508688
13.223446649327833
13.16017837302874
13.157697113061621
13.207435977551803
13.343343676031461
13.38636886406314
13.374521356532114
13.383272601468576
13.5377163744108
13.573213172773062
13.592276025777478
13.576019420253052
13.499925917476064
13.508878762155726
13.553116530693023
13.536688449679016
13.50057726873534
13.565485770453591
13.780654049344479
13.747933760601512
13.73330879996216
13.79055458104604
13.823116498327716
13.913161578797112
13.956526529692136
13.928425613550187
13.820487278961782
13.725848990125908
13.68124283974445
13.651007814865013
13.508338613425918
13.435438086784458
13.466688322781039
13.579194340045289
13.683962109559443
13.68267885657113
13.752657237886714
13.728213068207147
13.632071471717795
13.635433895230939
13.619324273434072
13.494394746412038
13.394027976168712
13.330313415898628
13.175442557468346
12.989444548856497
13.053334809712414
13.10770854789221
13.203762766091778
13.335382106461024
13.365777414757282
13.32791396321796
13.340949045521455
13.405796439401037
13.359471046386588
13.47566083721069
13.637017929752176
13.7822135196025
13.912210835459746
13.939575466706257
14.005862678898348
14.001091667441884
14.084432180363555
14.158310849103115
14.287274775630978
14.192618196851027
14.03164204167097
13.969605793969043
13.938513729705756
13.96861552549348
13.894975660618602
13.85863161672798
13.821415211873004
13.779441542893567
13.776220582102905
13.792836130241243
13.840230728629582
13.847760902635423
13.865777187451721
13.867514589498612
13.968174846041789
13.939125793416377
13.838842812226666
13.802099671812096
13.738828181744168
13.731179210612469
13.776898212826373
13.784376898223476
13.797560591842423
13.865821941452388
13.941034609583474
14.021027086189099
13.965716380536499
13.882843985228158
13.826101768538964
13.8003969666765
13.813810101764913
13.849934982433465
13.823846486189005
13.756054556105317
13.762566497838874
13.872985967867667
13.914392052464864
13.972872321730721
14.02230097649199
14.070838835615987
14.10141598816307
14.152427136547981
14.126137635766094
14.128579269448784
14.104715609178312
14.234736358838234
14.246350866046281
14.29962427163847
14.347055897124564
14.39152211244174
14.303434361313284
14.260826941548082
14.282918602089115
14.276824592079565
14.212794057034412
14.134187758810862
14.175131764763325
14.201182434010658
14.27929997801689
14.48089348077097
14.593336855691785
14.477503082657442
14.351194675011566
14.37576527314863
14.323724450545951
14.347504654297518
14.284884220086447
14.284917694029817
14.251007552557583
14.180283283373502
14.152206907380204
14.078829164624533
14.062770202290368
14.154036573864392
14.24506355780343
14.259522982227988
14.185735081755913
14.187339527782344
14.17238638547529
14.167015515236224
14.164495991505444
14.05315411940489
13.99508090168112
13.94891137970197
13.983536348772002
14.066098207705634
14.17241660393468
14.220964891344808
14.265071809815208
14.3016847333577
14.425878752522237
14.552090937042147
14.55492911190243
14.478987694303946
14.421213439334394
14.385114795016714
14.464123604160674
14.63151353237476
14.791636255816801
14.806132971407838
14.785547382725666
14.662935112494246
14.618080284286744
14.519366896880145
14.507240180142274
14.542656218171635
14.438180187632078
14.349130256210811
14.32695700635699
14.318516303590659
14.394663873099244
14.408618917659473
14.365100407632234
14.348547479922429
14.436849610738523
14.509626814447842
14.599294783553276
14.743487654920441
14.808149938634235
14.686208067081644
14.69379275498069
14.79590999892564
14.85197147894346
14.793331452295268
14.758987633243349
14.751752500722711
14.825539372691168
14.911569441222717
14.837864229865321
14.74740082178681
14.685105942584956
14.691955767406402
14.739427405875436
14.71855342245883
14.72022311155195
14.606755569556174
14.54509718043914
14.568110549334557
14.472676040162744
14.383332649908958
14.305046544469946
14.260672635552298
14.169199358262228
14.134264876773152
14.12262277398698
14.071397566710695
14.110133714019105
14.28409001228294
14.38611713935624
14.452338614023395
14.580738333717349
14.635540762616388
14.66169667092353
14.538642950925844
14.454424822436078
14.351392789304846
14.287893540800772
14.302804299189695
14.28475815907239
14.311064517782663
14.286080064078865
14.246009330952443
14.257485828424342
14.199797064439286
14.197417379727158
14.272056791121566
14.315339130650795
14.353125414286072
14.301641905304372
14.209056105064235
14.078619177711134
14.076352444232715
14.144498287666943
14.179120201213575
14.204153416153071
14.191440243088078
14.072124767460105
13.98777730740895
14.058523577902138
14.169471415313936
14.35700713886378
14.523071427759616
14.557087193840067
14.536929451862692
14.310767281079501
14.277458947924709
14.248728965627617
14.130545181035815
13.916670408426102
13.7514918098887
13.663663238270681
13.683754170292335
13.831167492341345
13.892715803393115
13.84950233975515
13.797961584574985
13.764087240290506
13.76309923899688
13.870368579700147
14.010115427949943
14.087261999324255
14.135997038612334
14.218318834288784
14.164142337023787
14.155800544276099
14.183203369594132
14.202833745455415
14.147653480379256
14.03874079007813
13.90341589239172
13.935618311825367
14.013691440211923
14.090040893597685
14.135233085473388
14.076930061059567
13.991851953356845
13.933995701584962
13.979740169287943
14.129192666056344
14.101290635732447
14.021722796253803
14.074764430955696
14.097362019898542
14.090193031904626
14.152507625441958
14.231498154454275
14.16909032423346
14.112953209776219
14.061717209583954
13.989877008623303
14.017327100443248
14.11346760500709
14.134907080923814
14.181746575454353
14.21625278344358
14.258383072387604
14.439751840437616
14.438002217831096
14.268042801125013
14.196458392001531
14.045700875743764
14.016913565980422
14.071034974926798
14.160281515592978
14.255252138169585
14.297950279016527
14.343691981477884
14.407583812492598
14.471996143170793
14.506243843853117
14.53025729219752
14.695464530162454
14.778970126789421
14.848918492510435
15.004125073626922
15.235537591195873
15.19416701112292
14.944675986732292
14.791084931702839
14.709633892700731
14.749334384305017
14.856004006627069
14.88392789718636
14.966719945142264
14.945972372493397
14.904792020902882
14.84385463465821
14.793822636393642
14.735006284390545
14.61454890893239
14.604672228557225
14.70641215345564
