6.630770083562161
6.64415273465087
6.566150431784758
6.598060611541386
6.51079273211303
6.495741619312898
6.497639282937057
6.504295136440649
6.493264274267189
6.477489603407095
6.501648444680977
6.462731396505271
6.413991009456966
6.439509397579853
6.507259420685785
6.4963670336760115
6.544231900080402
6.554919274595545
6.552239858503578
6.507562047587344
6.519159540926897
6.525988504690528
6.565602758743081
6.560518887376293
6.509038114378378
6.575798532195278
6.549785344056643
6.502344495699147
6.457140339465082
6.5177504933807535
6.525044728777092
6.476334177849249
6.528872945263804
6.542519629317148
6.4780389680815
6.518186578329956
6.448701807643777
6.512584858555508
6.490268822419135
6.510707102966231
6.4732421368076425
6.441030160442063
6.485782716418177
6.376329518312049
6.480726120598776
6.519431582004476
6.47847431406604
6.4947931782698625
6.506148895371074
6.514016898273157
6.563027664723784
6.484204732631328
6.535490867684311
6.5251023528732395
6.546637330421889
6.444117488852802
6.478004526506954
6.577704893293875
6.467176540636496
6.540306614583982
6.494362373303903
6.448318927226549
6.511017704778479
6.4940995595137005
6.5498930570167895
6.5033213082981645
6.549436945104738
6.5101316595689305
6.517879044839802
6.528323467758611
6.555683883546661
6.607317295506301
6.551592034625682
6.5740118918612245
6.539202629776561
6.5606007472433205
6.601874994740788
6.621616329189146
6.579889645723678
6.57901545225028
6.53770093673955
6.637990708914441
6.540652267986006
6.556985968384345
6.524318014115666
6.528628722151158
6.519386666115639
6.545894814357087
6.504639430819666
6.494739369753273
6.635636024943602
6.571311949685937
6.606354197146543
6.500539581883116
6.543066335567886
6.53105613668294
6.475212634514595
6.409020184167438
6.403160804598963
6.525739278057941
6.46424208792328
6.472421056010488
6.512474920836995
6.493150605133561
6.4207587840742395
6.507757467030937
6.5859756649096175
6.496550726008415
6.586208311189934
6.58206452386532
6.547837960991074
6.468430224703135
6.477455820178512
6.437648351644576
6.487106798635037
6.535175096227469
6.499182087393079
6.440007362786561
6.377974640887204
6.398536389203553
6.388237036095334
6.4530141606266715
6.4131897008495615
6.409022961757781
6.4244386055949105
6.410383374165474
6.455259858257493
6.40678894464757
6.454001661399234
6.437631983462068
6.344886704604297
6.395575772920238
6.461856325065918
6.379538797507709
6.391184413239847
6.3963117334097905
6.40155199564411
6.372533232477532
6.421323668913931
6.5380283801102035
6.579620555163873
6.477408182454937
6.607603981367336
6.604511563940966
6.687601657159592
6.5228226290279085
6.458818518040025
6.488202501490083
6.591324940106262
6.507084842776411
6.479780857854542
6.4484546780145475
6.458593416535965
6.544373928613085
6.546165942060239
6.565930190296698
6.631059579623175
6.560319664357915
6.49370042292769
6.547796951916136
6.5786475961979685
6.59079480278255
6.674794548934093
6.738222728421565
6.685829797956058
6.606414645260526
6.622424457361786
6.5647192537086445
6.576747107488881
6.640631046822595
6.6189021636877525
6.612693194792164
6.56995165794698
6.532260850264937
6.576192331759881
6.51070225747528
6.480004523043351
6.526285488398583
6.460724640654011
6.518382521125725
6.502159590934756
6.520645337598626
6.43711926262846
6.459258999074104
6.471522166952456
6.535749656148506
6.478967229569965
6.511975257447887
6.467819484065824
6.5156064155623925
6.521145212924841
6.4619857504518
6.372277342284519
6.2923264674069195
6.332484875746707
6.4173577448643435
6.412999650685746
6.414860803669047
6.3715451849879
6.381025510912373
6.414378309464068
6.488202020941863
6.405434267172319
6.442115319566406
6.4196944108434195
6.418546824717176
6.431641075742943
6.411663505717936
6.389214010086285
6.447352271014728
6.382997244088694
6.370441076246828
6.444029344429425
6.458841857190657
6.365692677851331
6.3699758926446535
6.372035751697011
6.347590466012232
6.377119827771202
6.415865271461956
6.4769016191878395
6.450015076385989
6.52058985824582
6.402795233589039
6.497677558450926
6.491159548380149
6.39306121197814
6.441885921108126
6.454285554397655
6.362772825582189
6.37813760456932
6.419544930605512
6.470959581639288
6.444097342438553
6.464925254950602
6.422543584377703
6.38736718457155
6.4021250555096625
6.36569960582443
6.404511446700245
6.431309160985348
6.429577676317542
6.394395124197872
6.316687497665227
6.370282838515836
6.416715333682945
6.423517751522579
6.505158506444216
6.546465002404045
6.531442175448699
6.5219688725920975
6.5247726936734995
6.473812085035797
6.561314504627431
6.567843499267219
6.47472042988401
6.517788224696108
6.397915992332098
6.446835612959607
6.419120157338583
6.400791651961531
6.410021592795081
6.498570308282397
6.446969932509117
6.445003924118583
6.461527781384079
6.455534662540824
6.433332144893491
6.442129237172439
6.4686492493264165
6.3754071608582334
6.449679877605564
6.446597646795302
6.4297362991097025
6.441433817142367
6.462006778195044
6.45749506520495
6.430902458315149
6.473134749689305
6.5030764215471635
6.425843921504346
6.484258976173918
6.459637635404392
6.488826035683753
6.512368575805652
6.451399367740095
6.441712852682891
6.465375114266304
6.4672291103576685
6.549958799994318
6.481483547857369
6.399167684837558
6.4617179384735906
6.529477644771594
6.589553425959805
6.607629298846994
6.620043031596991
6.617020391073318
6.566534122773245
6.514370540945411
6.539458366519544
6.514157188452883
6.600244761846698
6.625234248067071
6.593460855185962
6.517728999242462
6.607413906257111
6.54959104961579
6.533911202943742
6.60496761763704
6.622801209357421
6.572742718792607
6.528106339262892
6.501793465137359
6.536112693039153
6.514104475419658
6.562201309294893
6.53522673490989
6.488878387921675
6.437472675643878
6.4304975253496
6.472227472026497
6.444395672437374
6.448802566400852
6.444960323190575
6.414316324729032
6.414621064402699
6.442745920274714
6.3785435253604925
6.444573000234564
6.4417662449642465
6.496824280291339
6.489533431576108
6.510797061020724
6.496182638726451
6.505335432057928
6.53692298473074
6.630351913569924
6.711150684655171
6.644189488154694
6.549613839094761
6.440757843694979
6.504963784997035
6.54539767687353
6.537262127695124
6.545649852653958
6.534769377721467
6.536986297105947
6.570145561487717
6.541369495005187
6.652159046288969
6.578445588998159
6.584271484622494
6.600797339613212
6.480342727484222
6.5335969155051705
6.488191997296453
6.545675623537398
6.5882594669558365
6.613144702195299
6.5589731282997645
6.602735374824282
6.56295335309746
6.619153782656085
6.553280917327322
6.427182399874254
6.504189416448656
6.592710261047259
6.663705493184519
6.579729794465262
6.606053025396018
6.4960531475293575
6.529675576903895
6.476104971541671
6.494898343566373
6.579642354083376
6.466762084247368
6.412684300162364
6.463951647305276
6.541317432485458
6.506463917218454
6.47096996958382
6.4113877097418515
6.353681722263256
6.453157755374046
6.445262070332888
6.442131144240722
6.3937205981896215
6.412840212284042
6.410771589700494
6.53593612484401
6.37534167991755
6.453054150614674
6.428590502093595
6.514940535491897
6.42592080218741
6.427018142780677
6.461466451782425
6.494204939409071
6.410743818886564
6.462560622455809
6.494276053445145
6.457450648415097
6.514758181890106
6.5232836658768045
6.424981658801311
6.462624793709104
6.495406388203521
6.557563744832326
6.588927774292739
6.616914070348839
6.583538478415931
6.649995251327127
6.739463384237767
6.629113628858269
6.657580662698445
6.65287697005676
6.534861147373211
6.51164857747719
6.505915331923371
6.431979260004371
6.492350351372235
6.559935645081082
6.540466567947217
6.536406843063109
6.573307349381902
6.508725884352126
6.534306316426916
6.565678209262317
6.592305316319322
6.565702399124806
6.645484750893211
6.530520007211125
6.492194383040572
6.491362826156676
6.460767457351591
6.463617123088968
6.4718513153962265
6.484033353190756
6.425766003706702
6.43426612514853
6.492936179532262
6.492425791441832
6.516156246944304
6.493564718858045
6.4906158491342065
6.483444802787006
6.526601036984448
6.5607727413498536
6.510291523485298
6.507786584038505
6.532206363854943
6.485661969869157
6.530855109519353
6.5628943222404486
6.543051444237809
6.545790564419276
6.495770990255978
6.4659841629916235
6.467427518521725
6.395722751617532
6.486600951207483
6.396984820958649
6.413979670847775
6.456269605320175
6.473738384512655
6.467523810454185
6.523600113235886
6.5082842685245925
6.458017701898141
6.558534807056322
6.616391618059269
6.553273234310447
6.619473758258493
6.551296880746593
6.526502642691564
6.5228018698308095
6.592030571498561
6.525094350062273
6.472705274532327
6.424940585638975
6.470471563865226
6.499988799925163
6.4911527770776125
6.513506843268681
6.528216298833531
6.4521639279793925
6.475309805683908
6.46759657845
6.550488756554856
6.459539513309885
6.3985892819335435
6.409805689856806
6.421206512643674
6.519665606816498
6.538741221064919
6.55419068695058
6.517081645386905
6.5309032389903985
6.525576992761303
6.44865627347693
6.508756182285144
6.557258372717776
6.508566531248777
6.60778372541923
6.5760732848565775
6.480654101637787
6.41714928677549
6.476013106390904
6.4806317354289895
6.416299471881794
6.50034692633279
6.515587960192946
6.4881236139631975
6.412142990143162
6.418238606994205
6.432142302037934
6.457196616827313
6.458039072711805
6.460671596456266
6.419864171151179
6.436330251923807
6.512556469010055
6.49030076888587
6.529250824183728
6.571073593618594
6.5946073543560075
6.611500463361804
6.637693566449114
6.58395809565299
6.62669390324289
6.606328016469957
6.5869009734621065
6.489155425585633
6.512122420141659
6.523117712728962
6.553809775083453
6.5016525754128445
6.5121859643586015
6.4667437582908
6.493329202847495
6.5217647175061995
6.393300692640359
6.369917579660191
6.419961326703619
6.454797866844022
6.4617962678762195
6.496817158705286
6.594031831104743
6.588818495308545
6.590180460226525
6.514831175315407
6.565668038081436
6.483576865860844
6.51339527827594
6.5237760298788015
6.507345300850064
6.4604577556572425
6.549760802615696
6.504443130309566
6.461325808832913
6.548076623195269
6.569092037348242
6.631541406143933
6.725925044189714
6.706214199448472
6.642266274967323
6.5732526356495695
6.525516248419642
6.550221635299893
6.543944595092589
6.546993857550673
6.530771647100379
6.526148175366855
6.53150298850742
6.489516162691624
6.428724628137617
6.447550348489131
6.525045695893905
6.535410457610877
6.476288989992687
6.411255584464598
6.432658473727306
6.487215283771423
6.423959309962365
6.457187460127839
6.516129272244761
6.534166787651282
6.440709990411198
6.602958936760043
6.5993957795388605
6.497554452405639
6.457275371582966
6.419289443574605
6.465394157877303
6.442910219458115
6.4095730346477255
6.436067802257891
6.47542602186671
6.445397878370057
6.471842331814415
6.474875395851784
6.481329567129242
6.529923520614476
6.481768071939198
6.460629226015332
6.430614721995505
6.393121792785586
6.3703057804977785
6.406008573140684
6.406545729932692
6.49412747951631
6.5261930088839595
6.462881922774637
6.437450415537144
6.47533790491699
6.500383432353287
6.459136065229431
6.576125366600077
6.542604414389448
6.452557366351102
6.42907504278395
6.519181762088463
6.491749652020851
6.378573350102253
6.4447385457105835
6.386318009825993
6.439098112336086
6.416486624021542
6.378119791684215
6.353709574183442
6.437498293729865
6.423113005012827
6.435454384838133
6.420427530253671
6.3785328326210315
6.492584051125547
6.430690984246831
6.453763386017402
6.434000917128311
6.434381134897062
6.475219015397058
6.4801333216874335
6.440230801203486
6.441758928483259
6.52868667510276
6.432173244585136
6.378021073400677
6.375743256172069
6.410338786323623
6.395703022535837
6.390507178866554
6.46385899781693
6.399347888730203
6.455406801597794
6.448932282903715
6.51535926288367
6.4773603115068985
6.423059294274629
6.51705951694904
6.571581106769965
6.541988995510395
6.529875406901473
6.498855987543187
6.53124502675689
6.5692680693828365
6.61885930548867
6.5752454644797735
6.543468210646172
6.542061365147144
6.45073103780914
6.475383568155123
6.478029876769515
6.499279516735026
6.522077472690851
6.575649320212009
6.668788750596559
6.578779506143445
6.603563396773061
6.627769840425872
6.659288756014545
6.644465167560451
6.6047494129982
6.595785123925307
6.524388158344966
6.501843955457803
6.516817499524809
6.57610165179583
6.524882656314783
6.448098994679677
6.498296161290284
6.532869943443895
6.498873270797489
6.503951904433607
6.524841937868833
6.521654806979083
6.488487414888567
6.4513264217011255
6.500998426351406
6.416341295882694
6.404106461030624
6.427448912424998
6.449572416656604
6.473486959016913
6.416252661622983
6.4917855416609624
6.561160897476313
6.64684694825286
6.524234485174184
6.520486016924579
6.535830982806323
6.4652882910549145
6.458033174195722
6.455135466613761
6.525970994121773
6.436637701987271
6.453620484839024
6.4590545145162865
6.481975129958617
6.453127057225678
6.5170765271736
6.4744727267309665
6.4995666483389956
6.45678840263799
6.433939052081192
6.51169343591203
6.462647739612984
6.453112875941399
6.519613742561134
6.378311326092215
6.3324911954096965
6.427502574770042
6.419461154609349
6.442075260192533
6.506529390801294
6.521695180366071
6.452627705575081
6.43716478283168
6.482757584542647
6.478620869330697
6.396627486837683
6.414709339836442
6.361165341044546
6.454054238698347
6.439000941273561
6.469444914220511
6.402635727440299
6.347792123344412
6.4301465107797995
6.373301130751373
6.372673793035068
6.409572392729585
6.4290267813612285
6.435819830476525
6.382242923265717
6.401715945951777
6.443264873555789
6.44842910759521
6.471739359598717
6.48146928967682
6.46789501438667
6.385241398177229
6.35582027117312
6.404117187686198
6.380830085381149
6.371966295028542
6.381317516994635
6.421985231172461
6.415114141520671
6.415430680258592
6.4522841174738454
6.539481318837956
6.56367723315426
6.524115789035515
6.480732419071627
6.460247323065219
6.530629350837394
6.341093317093173
6.397964684756939
6.363362701296741
6.344629369665673
6.38994153991143
6.425587483914006
6.33559826732232
6.42492032040762
6.380771226036937
6.4057193204985685
6.461077169132878
6.410382697283649
6.509406995126487
6.4486339314707735
6.413628048996921
6.365198333348008
6.402654452152831
6.363374094333153
6.375263042932697
6.2824835040677645
6.2961749959910644
6.349463850703606
6.371835894563722
6.328753523631823
6.377842232163535
6.346257945051497
6.368251967061031
6.3993551078230215
6.2918536168547625
6.351993133343716
6.402163589870572
6.372192163443624
6.388337730179473
6.4147246402434694
6.408282540684835
6.475718939822888
6.4090299393404075
6.412297563436197
6.409778642811183
6.436505386940628
6.427225055731896
6.437750480293186
6.538523065963806
6.4718109881879595
6.471092079744316
6.470279728291683
6.433532724465311
6.418696732246418
6.36163632490605
6.450655252277554
6.407410880686976
6.468466866812612
6.473358389987809
6.463313569265628
6.4533752333154775
6.50521761886723
6.473904812534731
6.512399210577865
6.51648979015418
6.569154868896115
6.533537969129448
6.518639232032111
6.508357500305029
6.449536497512068
6.454928848207125
6.491278700413839
6.514943386374724
6.580147880051101
6.656351943909315
6.627787608426598
6.5824015604343495
6.69944413175703
6.579690997614808
6.5569045018035785
6.627884673806953
6.58407938143239
6.512260968749666
6.4938468317491616
6.4572146948930635
6.441673902018914
6.461714126309339
6.4970468012860785
6.437065058749379
6.41569672391476
6.475646529527274
6.420263686470555
6.522420500165275
6.4918027939766265
6.504599972337198
6.477383584857477
6.546595558350255
6.572348144802028
6.60579451448875
6.558624139029213
6.477007030029131
6.480560782375443
6.4851182867243
6.560449480487278
6.5083988898445755
6.413127909304186
6.557238988526239
6.59511443029249
6.504209724755224
6.4529212686840145
6.470343500434877
6.479776539138656
6.5040950115839165
6.459975742018654
6.45049267602696
6.431216454956374
6.407475075598724
6.404149892793719
6.453478567653995
6.3137346087271045
6.355695246019328
6.413900325689382
6.523057506964044
6.350849762855466
6.401171474920228
6.406071206428382
6.433386330468027
6.441451083288874
6.399791254735992
6.389840710231824
6.381552824627568
6.396460447410809
6.405472920448613
6.420765461189495
6.4478501031813025
6.439497594968711
6.477214106009066
6.403010228106586
6.399473762276204
6.435469189462449
6.414218087998067
6.415867241516491
6.365463016532563
6.35677629722319
6.417370135650321
6.404007824158024
6.427780715003479
6.4623464548458385
6.466080499084345
6.4549950751776395
6.37773250796171
6.441827080449303
6.456935887259755
6.432586807745143
6.430383566480045
6.381967624285726
6.371638098079138
6.461620729358444
6.474365351449076
6.4145365511871395
6.4566186112394774
6.410134875152127
6.4371501425990685
6.375233181578819
6.384955198153807
6.380441723312236
6.407346367862606
6.352595307102819
6.370439450845657
6.396860637155343
6.380198302896154
6.40904809933536
6.449668791520143
6.423428972789179
6.421572581179222
6.442993851499126
6.441071252163186
6.425199211892904
6.399791012832078
6.333732372613265
6.321908646740775
6.381146622264732
6.382561378484767
6.324427247054621
6.311784801049716
6.36995200312238
6.396903582066268
6.390258639862285
6.388548208530802
6.4346208641435165
6.327392617912854
6.404073117395504
6.3980681997082405
6.3528443584761645
6.434001984197803
6.451764799380638
6.438785887989692
6.380926413150154
6.431225609974508
6.405568669439807
6.382090911896259
6.449930547831492
6.411199499101377
6.408044293183902
6.326193118917446
6.357478234028786
6.446717617368888
6.480755904653313
6.4099205211869394
6.377228376919604
6.425710087223252
6.533805527890558
6.4360300895381926
6.525641752032627
6.536055137361403
6.428835518150745
6.465253412780551
6.33805456776765
6.359317448559731
6.3750844104459174
6.441451764703301
6.3732200814515725
6.385565447180884
6.395680854252259
6.330185500484363
6.292583855660266
6.3677913310544
6.357341348116289
6.450587941643964
6.367995024825249
6.382024436651485
6.390608172961642
6.3653087378691495
6.371632909109852
6.396209443666534
6.382117916378038
6.481284606247988
6.460416015642499
6.463322513788795
6.55765997175425
6.607081500793172
6.477066271582562
6.4791654174828475
6.557483003324325
6.510782641212266
6.46039261605336
6.507613269097211
6.479728779378293
6.455489302254949
6.438122850456937
6.445331527704566
6.478733289092777
6.471123183477538
6.437468009514114
6.402294854207148
6.359911731591116
6.392915173777468
6.4266698859247455
6.470320302415309
6.364817479894699
6.4300137240630955
6.402205913099684
6.400521271868842
6.4346448224245645
6.452238150460329
6.453348764148199
6.438068792450841
6.391808236321666
6.396237467407465
6.431121883749978
6.453818509003825
6.429689067982024
6.520510670198676
6.464244378245784
6.484718272034761
6.514949154068145
6.4819720904531675
6.4390968013445935
6.505572593869005
6.480860274928955
6.439639589179919
6.448439519294978
6.476248202700813
6.38446887870954
6.44314315782652
6.41150248425693
6.415805387957045
6.414534400843995
6.404517156560032
6.460828001209762
6.461867051239787
6.448515658863864
6.441262121409578
6.365886076340104
6.39331803888126
6.432768801787114
6.398733065784127
6.4034021152429315
6.4106745298403265
6.390308338162701
6.434049763034057
6.38008949432721
6.441413674790475
6.322802576390595
6.325787500547923
6.398300247959275
6.3939033221408454
6.3032115433742595
6.408544286172349
6.449046622957372
6.4628886193456525
6.447563106911805
6.441733377236828
6.413526320301615
6.373579725378192
6.361717478648365
6.40374750110882
6.380559795956231
6.408357181663436
6.3550352627915165
6.312810806585092
6.333645549710625
6.327190665251287
6.421063391927829
6.410696069570102
6.408790213924695
6.275996839788767
6.377706773219383
6.404135578120528
6.337813712324203
6.403210364937195
6.380718375999127
6.424352082519755
6.3806146633944545
6.465034472439654
6.453810795891651
6.491828195587725
6.468714286849839
6.428213844015983
6.4298709970826655
6.4187965951460635
6.375060042918638
6.315389734544766
6.337709775583046
6.356968806673632
6.265002727959617
6.277684011681861
6.330446835465429
6.3175230872100725
6.302550953089106
6.3343474770653625
6.361986640530668
6.363590660512693
6.417700420033243
6.434820188321295
6.36331708572195
6.386930983871618
6.477684035135258
6.448896011897014
6.409465958042904
6.4731071781822624
6.5436593268956935
6.497656992859792
6.487696536625835
6.569063321576389
6.544601996810887
6.588532797975321
6.528047823464598
6.512073592756113
6.558546777786145
6.503503332087607
6.518895503312058
6.444497042926313
6.506811293484743
6.462176299773478
6.527026356363172
6.495735451959888
6.513203320988706
6.416700245492282
6.4613462992459665
6.470121607724355
6.4068001356227615
6.394418937936913
6.42003625784151
6.45341949292658
6.387267260252114
6.337410916975987
6.384104770593057
6.417855638797044
6.354494719677355
6.430626795347326
6.374680804167638
6.547395265217929
6.5503107265809914
6.44444760246296
6.476032611745564
6.529005930629561
6.479045550376254
6.338198197741303
6.513817335332286
6.462376476474836
6.5218574126936435
6.6138734605617655
6.487909448640291
6.437345077768615
6.527104803024531
6.514933716395279
6.571719168421166
6.4819578030513885
6.452793807376223
6.431699332375031
6.439521425967592
6.492589458711572
6.488171299721267
6.449645928601276
6.493747344115261
6.504059213842048
6.451518741970745
6.519811586328634
6.500490829777721
6.536043471556002
6.616279149739575
6.558370288985888
6.538601486788152
6.609992444177308
6.5495374823049985
6.461814520729173
6.577163206729693
6.477376572441436
6.40119799730252
6.44787607979839
6.4158468492832235
6.429194617301733
6.36485262024787
6.417476652807336
6.495150724827896
6.448718424556048
6.43897736829764
6.435246365747011
6.390621196721911
6.476890688208721
6.49928841353345
6.499618457620128
6.473955955434297
6.531807844087119
6.53193423459202
6.473026354763093
6.466600736836868
6.462506255715124
6.4462939358888836
6.470620511023864
6.426956454165854
6.385477686632595
6.423505134572419
6.4628680559621206
6.49951169630054
6.509503940569272
6.414355705119935
6.491876294855751
6.377134604033304
6.495523928921794
6.521190991567879
6.474773940421837
6.48149017171894
6.463092243200116
6.483282334670985
6.477762490649417
6.600010147504691
6.605760426580262
6.539194982935464
6.55996759788441
6.477373739632779
6.5377413113214775
6.45600252421465
6.516568482152108
6.505761128357365
6.4685214627627765
6.379696395636491
6.359137623127894
6.397019252305971
6.41074394746325
6.415628796360006
6.399676997062642
6.426127123853089
6.4268818867432325
6.509786125365085
6.525156497359076
6.513789141023495
6.545755537430326
6.512189075435342
6.427194913325868
6.467689397011365
6.43714473715166
6.334463908125673
6.414523852168743
6.45572851666427
6.430548388592576
6.442562150056374
6.467174626016708
6.436468015074069
6.4270660936752675
6.513273942809945
6.4445278533897
6.460902477524365
6.447854713647651
6.356747513277202
6.420319939368391
6.393532110115358
6.335284965825558
6.396678187330759
6.370983965767527
6.368577159468502
6.478790267733509
6.41710105997427
6.461894969854797
6.420410627653197
6.316050009076058
6.384378840210298
6.354012607373403
6.390016199501728
6.367173166516831
6.443380072485804
6.396473018938952
6.373557066744879
6.383824941034718
6.40416588906293
6.377476380027859
6.3769415646798375
6.404891663908263
6.435554472752955
6.526291773198137
6.469714245949567
6.373912535353148
6.396497819899179
6.297999980470271
6.364705757383258
6.432320388126603
6.351542710899249
6.407357101157644
6.4758689154037095
6.5058562317297035
6.412387842064337
6.456691703163837
6.404774268065266
6.478506847845094
6.4567771433863514
6.5077815015478
6.437667034254835
6.482584666472547
6.436298601184425
6.432849917307065
6.432019030130585
6.495973951083112
6.4571713236814645
6.428591317846776
6.427264564559461
6.458714713621498
6.44518375808878
6.464651768427117
6.49833094547604
6.546962110064278
6.499285719570154
6.529131757093669
6.585691505968254
6.438966852914319
6.414813891336678
6.4221687396918945
6.373496669434529
6.356328024316181
6.4178861096897055
6.430977180891904
6.3810993116177945
6.447943299426845
6.445195014699265
6.429485970747721
6.423764680803352
6.413055357939227
6.380725350285879
6.373928293522366
6.394576184397245
6.454709691091294
6.4563441772416486
6.381164655433996
6.344899565124717
6.383892328397128
6.429714416406038
6.47922107472391
6.615405710214962
6.636912920670452
6.494482334152258
6.437803794864331
6.402861297070058
6.412752115289743
6.4553741157991285
6.434037127940624
6.423084488384511
6.323676771420082
6.330829577523438
6.328620504791777
6.3643345902843045
6.36063753864882
6.365721138084811
6.440595873279803
6.417489759350076
6.492331156945924
6.423990900229279
6.516631232136359
6.490905755790146
6.571828120529795
6.4793630095095205
6.62010055400898
6.733746862011086
6.706896355190518
6.7368742494356875
6.636264743287695
6.6359275047445125
6.648638579113422
6.674454942086403
6.612402627308376
6.518502713481499
6.486220626457878
6.539812031529141
6.584121825269305
6.584346455808463
6.602703980089502
6.521043747022677
6.46011345533622
6.4078586109098215
6.486631058937181
6.546208707421001
6.566397690286096
6.465717884230284
6.4987687089075905
6.474323890778308
6.42333869250664
6.4107481795121535
6.437109195069585
6.381511759581691
6.391405917278857
6.464314525659042
6.464068570518016
6.504260995371874
6.502799110244879
6.44238967654365
6.538903180608411
6.566890190379138
6.474312668349382
6.507544401387526
6.442308565042928
6.5267016563138505
6.559136765749047
6.467492585905554
6.397775946897332
6.4284101491309675
6.471910806860015
6.484090685857999
6.374850576243483
6.335567878796262
6.428053866270837
6.408367702868847
6.429505681367628
6.424370505855477
6.429324957105765
6.469196022182351
6.398864200615092
6.397031442263038
6.418112398818249
6.4578629253221465
6.4415929592480365
6.466267497049228
6.419710486321308
6.323593223416097
6.414874886012666
6.481441978461762
6.433264004937008
6.538023973902448
6.436715540585956
6.545224281047908
6.521188664307014
6.490517160033606
6.509064755007902
6.521842715361061
6.521315971027249
6.434530744900918
6.499976049883089
6.411528101265282
6.40612613864311
6.361562417435972
6.305806336342576
6.405494137915995
6.321300601333812
6.432442184563335
6.510598523169862
6.4412466692296055
6.543118186694803
6.521727126904022
6.509314717824437
6.459223754685796
6.46604510553457
6.398685506575142
6.446173204802597
6.391212229964216
6.4797668728435935
6.4873678543247575
6.504880143038536
6.41169496635988
6.409884818396143
6.430838221519852
6.425387530438063
6.457504077151299
6.4609913160551145
6.3733508492161715
6.471607604507583
6.572639418394354
6.4991747615611155
6.441687070936129
6.475960941514268
6.473236964958641
6.518396705903788
6.484898964886072
6.47094900678467
6.487967547998767
6.597957910884007
6.636392921828846
6.505276713781865
6.503505787721556
6.573690526320777
6.551891743639095
6.521838720993076
6.5398466740524395
6.536999414321329
6.461952490895587
6.405762408013375
6.368371010545058
6.421359279851772
6.4199071664993745
6.401634159937561
6.40708514942907
6.43019351303439
6.359269139546684
6.399937008334152
6.410813134202845
6.361274558975052
6.363987579649611
6.454157342359917
6.44882280990602
6.413986424891696
6.444876533902862
6.444565105758634
6.5172765445251555
6.491055310663895
6.47151453057824
6.415677705784124
6.397275900609421
6.3654203031953465
6.4162655366913075
6.449018826104171
6.453841168992178
6.506002323780939
6.5118467818313555
6.546500674846794
6.538781287209403
6.40793800001619
6.373562484505142
6.442317580506742
6.429983748512816
6.441670599514203
6.4277623536775
6.441325299702473
6.483871504612956
6.506923682736656
6.446678114760294
6.406718512424717
6.3417015413029025
6.3707235296322615
6.429515407612712
6.527108073108934
6.492583949991908
6.472974919710852
6.451811752823241
6.4964712856286875
6.43944616185954
6.4039151244977175
6.402612270668247
6.360549012876616
6.423952452085051
6.3634330216806765
6.434123643141934
6.490090857949472
6.5043641983837315
6.601412304799874
6.5426052441597875
6.532458224009147
6.548175823744847
6.501876487388929
6.409914276030928
6.481788764923617
6.493155674944425
6.4864805854523055
6.486488329723549
6.498330053720669
6.485825559961531
6.450151315356819
6.435941514948632
6.3438345704697285
6.442530231560401
6.468875518117218
6.377564913977708
6.429584650541432
6.4848452073474
6.446197657872954
6.441262162740959
6.465891133133979
6.508094930498483
6.578082289710306
6.603815420334059
6.6522130007605345
6.587283481261587
6.530603237836284
6.504156707650676
6.460187521060556
6.446981393558806
6.5050589550238955
6.58929179985471
6.545821610893666
6.518052167727559
6.497936810191043
6.49677794771729
6.528515064412306
6.564664247501105
6.5728261495874545
6.593216805457896
6.5401454031786574
6.585291117968395
6.526481609030693
6.510231263353794
6.532250050347173
6.556814806478589
6.537226106661375
6.560557618496256
6.528995351910498
6.6295686343529034
6.537172558703224
6.545716343089941
6.5174679686027135
6.495926328027222
6.593089409848749
6.5243875006350365
6.525535716752606
6.5871630507356675
6.578309060340907
6.605717551378451
6.511473072512446
6.544069717865317
6.447736184700106
6.382631930994702
6.4452887735049895
6.472527281025314
6.48208437385216
6.399256958793127
6.479916554128991
6.454825937483428
6.4648482200189585
6.427215275881303
6.564969295579994
6.477253328642583
6.565042721423132
6.510180773634801
6.515266250567657
6.452234193880197
6.460981997434648
6.428872128921659
6.440842596755454
6.411700141993571
6.41904847091106
6.409148389230459
6.523682397252874
6.497048498285434
6.487121929197603
6.44665939024781
6.423579798375919
6.457987898453928
6.481783090884807
6.38718474033508
6.390287158736731
6.389516712321544
6.362890883101356
6.372674219653626
6.403133189532332
6.382884906617069
6.401695131296217
6.403910730352073
6.361738250736339
6.425437825619248
6.404010804299236
6.411039865670226
6.4885035350103735
6.507042061247349
6.436560725941973
6.382479588827592
6.421484264519965
6.399961512554383
6.440877237861447
6.570133803011712
6.540390939919002
6.538273454119719
6.531695801353334
6.60332262392647
6.605215074994504
6.555098401054333
6.536765508042929
6.567895780911007
6.6320678708404985
6.670511577642361
6.6548944253114
6.636087099760338
6.505676493823223
6.494775337374508
6.504437079394125
6.5151476642766735
6.5284607591554895
6.593113968025947
6.495989867005232
6.5090311465583355
6.456845747396644
6.439289223036772
6.510356170202986
6.433003785453737
6.4734162315899555
6.493112445675828
6.481542324871236
6.493501849701667
6.471418835434878
6.492850073452264
6.427467720009962
6.380574859947026
6.426068510854014
6.455314703117496
6.414952790882183
6.433103517202757
6.377001020787569
6.4165687927089206
6.504813458914133
6.45861218412044
6.3645313238063475
6.316602311212561
6.3824759506792725
6.436648153390322
6.528075682450948
6.374847876925184
6.303709973493225
6.334469134023982
6.458813557899144
6.4835518013970015
6.391443458402025
6.377919140098903
6.335083636761649
6.370181908159232
6.447471039975478
6.500095495596507
6.507313261984427
6.4609230077150235
6.424028714223044
6.4562616365695105
6.432693299689594
6.467700901172747
6.427507355825772
6.380142485003576
6.3417682212898026
6.328411696243324
6.339180855436203
6.374457324159022
6.414108151048912
6.4592574033795485
6.434815816578331
6.420486968929663
6.482433453010909
6.514708755057142
6.50011797040236
6.457724708808261
6.410622903713917
6.391231285886652
6.388446949862969
6.369522489941866
6.457909941581742
6.518939536193341
6.517016817595081
6.433989790951248
6.524520114315136
6.400386196163277
6.42387778292781
6.417486625217094
6.463889900412374
6.429445274982728
6.374372048054156
6.366088247763419
6.3840067462768255
6.387683536742453
6.394412519026962
6.40775297237025
6.430021259253635
6.43219803778653
6.364608995186955
6.35073708172317
6.350613986217488
6.407376922736685
6.495382112849439
6.470928899593144
6.416099991055738
6.394176762070284
6.4632896663977615
6.497220217169212
6.510266553189707
6.490021155732151
6.460141785011571
6.511108234857893
6.512581268278794
6.523431095155842
6.527352019364784
6.449025341780126
6.407103531625061
6.425784104766082
6.407517705457288
6.385008151592508
6.3522029604456005
6.42740331660212
6.458047175645965
6.448918327012576
6.501181468488429
6.438705544780022
6.351080867353179
6.3914685584234725
6.384986924684142
6.417082474079742
6.377201282720749
6.391526454695087
6.410187354087183
6.451539250345915
6.409749011311372
6.3873637869451025
6.3728895084579955
6.395288410745284
6.467245798964135
6.41971627994399
6.361863220042262
6.374006625664514
6.36109856934217
6.402225634780155
6.379862889565834
6.356934790226586
6.385855394018448
6.388420950295783
6.418445161746613
6.393009346279508
6.435453392535915
6.4387194468336135
6.489376481837454
6.51964245804659
6.531074713033248
6.472687399594478
6.458283048717218
6.469079887678091
6.463556689403677
6.427426944159821
6.459592919149717
6.468125236755952
6.489159998880496
6.510541957064288
6.467542524078123
6.600257218154353
6.605208192415821
6.608500299972612
6.568012353513506
6.579863134071394
6.591109321569388
6.59819505960563
6.589792027893918
6.592076297041632
6.577388054175148
6.488591910822338
6.553069562541801
6.520519383813024
6.5728997477036755
6.5349927538660175
6.531294187970101
6.5167002845104
6.573236901648736
6.551354620608103
6.552825301629104
6.5494694234596365
6.552136300978644
6.550576276208888
6.52974253254199
6.642135051658425
6.574498337459371
6.596592035292869
6.59529578572803
6.625326339073872
6.598230381256675
6.614775286406674
6.577400279058559
6.507314934376804
6.489549808325906
6.5062609646280185
6.393053582486005
6.474951937767839
6.539395920990569
6.523236790092067
6.501565152676993
6.487446230038296
6.543563624511655
6.499975887676124
6.4912157522433835
6.570743685867279
6.522791648549797
6.544651174425434
6.3482772515496
6.374882254287046
6.372238931629003
6.444520542443913
6.491133235599087
6.467111694429684
6.52430492901046
6.550929513021328
6.592350139622648
6.545290345360277
6.485105252436277
6.564438080597742
6.582480978901838
6.523322315788289
6.539988909465025
6.65087796362195
6.638026533861201
6.611677403349041
6.5791900688208855
6.541210753673
6.484723159615592
6.506398686056662
6.561664738589662
6.637648130215854
6.780770311343322
6.831332697323479
6.85902962149645
6.732456634016191
6.642562380242601
6.630635173952264
6.5994246237734115
6.62858041912531
6.6805438765508915
6.613443297169524
6.590888953477651
6.585786203052621
6.531692757474896
6.529463473102905
6.5320807878204326
6.468685158925659
6.369126750636027
6.420316892177533
6.3634212299770105
6.358695520840077
6.354881511919659
6.4095476673917124
6.375176761433694
6.398280219891132
6.43146599460929
6.400527488166146
6.339437598159558
6.372665539661763
6.438651091115274
6.480005173241568
6.500230048152173
6.459833648576614
6.399368657938756
6.356439022318744
6.382937680541258
6.344712457230509
6.359539617372542
6.39854967314626
6.468409461691726
6.414257740879025
6.410611577105706
6.40102239628567
6.411798565472043
6.5027975822300155
6.417930277415792
6.328366341733273
6.368717808834064
6.2916268996532985
6.36940382898281
6.357390849173362
6.336102090258542
6.367317629171889
6.386154165062168
6.4146859291022045
6.391152830949067
6.363300528781951
6.396704642421138
6.387509928931259
6.445513579025502
6.416035332845367
6.395062397507754
6.461563568800176
6.442117868990265
6.4075114838948775
6.376274163125425
6.448300019685445
6.496760081910633
6.422534151731449
6.44848380236122
6.418822955626244
6.398673074987142
6.45495702330532
6.416301932654036
6.475574082643278
6.485760052488133
6.462762986250473
6.414041645556793
6.44535450986523
6.525406568666203
6.459898737274279
6.553816928021638
6.438453937067899
6.534590650230794
6.5861816549096615
6.535655898932388
6.612223498960441
6.517617453799392
6.480324101826957
6.5726880781240595
6.472778554925524
6.465431043507645
6.472190669965642
6.4903774966278
6.448613982531115
6.435413488411043
6.383603866262067
6.471232256775615
6.3594607651034645
6.362908460982958
6.421847727014521
6.515592639524371
6.460268297375194
6.4526938821679085
6.497152161355737
6.463390680632656
6.512686282875711
6.603326511927579
6.518803268297719
6.517217167967723
6.4889393888061715
6.496171248243308
6.517734550008839
6.503671250086401
6.457708701000633
6.446805330913188
6.4718849220274235
6.4603259634061985
6.454546065607906
6.4250313344016305
6.463192973286505
6.409552707359547
6.428756577612517
6.461732725437105
6.421323463108544
6.396960014692935
6.414710957578292
6.333857450442933
6.282995475923712
6.309821924078496
6.373722487075766
6.541432294408025
6.508906327916404
6.526919348038338
6.4570801484295375
6.370032784202631
6.486379426132903
6.396030495377292
6.4442013573218135
6.336869290607316
6.406529523034194
6.441272236300275
6.374513149616509
6.431598929055818
6.4300098420004455
6.530960203287103
6.545106246094967
6.522936121609391
6.466198116694904
6.546858706094914
6.558326988328187
6.547635319562703
6.539761669087344
6.4396056071066194
6.499724985030721
6.509602582944507
6.4722729653137705
6.446989258076374
6.476641270199806
6.500519622593144
6.449046853211556
6.453892081264247
6.40427573749918
6.434446969240287
6.375323154454633
6.3759380119767135
6.515774295111938
6.580544590831416
6.553676630544136
6.5289107025795765
6.536507774380885
6.501196924199344
6.455935576478676
6.427500757926577
6.474466316483759
6.460351966919741
6.442293160422217
6.446265604516482
6.474055076606144
6.453359800059713
6.488010588679825
6.575143728744748
6.49890106499412
6.427474508397754
6.392452775360747
6.463857151418992
6.492364027833237
6.434455130463018
6.45182867468857
6.509872504831601
6.477003833215516
6.495925597796366
6.451016542147178
6.428045880871956
6.445641841282054
6.486744866118113
6.3946075368217885
6.359040509432561
6.458706688535814
6.425082484408355
6.419599386437901
6.47053672870849
6.421089592735737
6.546527108060057
6.46860711967022
6.450684931678912
6.450474417214894
6.524823907566424
6.473109162865458
6.478067069989982
6.492504581124427
6.592077785050365
6.571583822325857
6.478624133959182
6.577875961961585
6.5742206906265075
6.549548412978946
6.592245007664809
6.529476459574333
6.528629040737564
6.517644612622028
6.511677866223802
6.519150865373463
6.532122253593832
6.5314981917162305
6.5579077310277905
6.484952300444568
6.55992178544247
6.517876751121091
6.380530069455178
6.4309309267635815
6.527759468726054
6.533520353801004
6.50224825575504
6.586099346809907
6.641396183872519
6.527317421745078
6.6053454932248
6.522264989570699
6.425190955213498
6.45621950086828
6.463802861617804
6.4422944851674995
6.378243064961505
6.386406224980823
6.46153889240522
6.431160043466658
6.3866894267009675
6.447836690648861
6.46337807893028
6.539762558872538
6.540224010591406
6.559400686251227
6.528716912271572
6.514100977809295
6.517315657452693
6.460955657185603
6.437678188227577
6.565924083756804
6.514391603234621
6.513722533304597
6.503627525742511
6.464343005328774
6.583833455489711
6.575599898673394
6.545982371674585
6.458972587119892
6.492905430457228
6.455692003423086
6.488645325349527
6.430500898199895
6.436095652837597
6.46284520440997
6.428216507403514
6.386848145040472
6.4063436654893255
6.351219827891496
6.39076698518881
6.3815097175667646
6.368241878678938
6.356487430160948
6.45208402036463
6.4735043833493675
6.413252936528241
6.411589870514469
6.500491820055917
6.455944790249398
6.4807821977608
6.548355164244932
6.527877346334786
6.549417753468983
6.4746738589183
6.478005308625288
6.498618258839013
6.452149042181494
6.455218749191329
6.535286622866608
6.397057824696027
6.400401696209438
6.403613563910908
6.396752108418655
6.443586791365002
6.3071376327684865
6.344554296558779
6.475914798671791
6.469533586662535
6.526044297254524
6.384020917987721
6.3773747883751515
6.339553055287538
6.433675794682293
6.508027093176843
6.472485515759446
6.407596389574393
6.363732870549739
6.411959770190012
6.430544622947116
6.39263721281075
6.448083301345065
6.414538376068669
6.442596253934883
6.457014480414358
6.556366300584162
6.55064646878501
6.529520451596221
6.5555656542035505
6.547056381193745
6.43648776956507
6.5198800498151845
6.46487660166222
6.503988342756161
6.485004254404732
6.458715351404157
6.4231768635296635
6.447598162418736
6.37562128569477
6.46192410690623
6.394531570135091
6.445044310187192
6.474594504941096
6.504999910025854
6.4745855777752075
6.4290844101063715
6.466586331436047
6.496246066611127
6.474267577051963
6.473570764181122
6.472463971126719
6.5443985510257
6.518864486712863
6.473321692966462
6.413595563080805
6.410404158486886
6.394090466357292
6.391643339856335
6.386339568432211
6.406268901022684
6.397126266538412
6.463936740610603
6.44546130578933
6.473703820648822
6.4909939292898216
6.524625674503976
6.449597597767952
6.3848205485000875
6.39741987743804
6.394208433074567
6.409695480801261
6.409641742809055
6.458764535793317
6.4156609907973845
6.514209164842554
6.472208246589101
6.5341826296564145
6.476908036351541
6.399893102699855
6.409878854685629
6.450839903681571
6.455889818256965
6.485415424538996
6.530942688314721
6.535076100554999
6.561610396251501
6.517133597189691
6.562520175038098
6.534251318855034
6.568829180708036
6.480208681305248
6.534769887072446
6.48156146713614
6.522760891401958
6.51114725559423
6.514785493537461
6.49515109796476
6.538362612363957
6.471204595698812
6.492693070966441
6.484695696471123
6.491973278691113
6.496524806041661
6.55036668337966
6.471698944477383
6.439911541549238
6.475462321191069
6.50918489473519
6.526898183957517
6.588228291543172
6.535012427896258
6.485298877706791
6.505672014436696
6.533308242523899
6.481974620055118
6.513337234152301
6.5000195756352595
6.416210670209665
6.495367913740818
6.419019782071584
6.477994274469516
6.497124610696243
6.383339213932031
6.470710092802777
6.520925199110019
6.446317482792837
6.493295517806918
6.468239409250759
6.446707454497844
6.502347599323781
6.53691826006238
6.516186239812405
6.518735785029135
6.487157634649713
6.466516836658561
6.454408992316775
6.473669707172619
6.551193399524753
6.538128827969074
6.473432408535826
6.442066942029432
6.3704111313623715
6.51333722968803
6.572049448612954
6.513358111808355
6.451017156175633
6.45277622089328
6.544262816290743
6.599985752925382
6.582016550431245
6.555055292575258
6.615533518860973
6.647914790482918
6.656616892989336
6.70137769532749
6.714176892675674
6.653827840135456
6.698846810106234
6.639957074646212
6.62686317875731
6.5963595177754355
6.611968366749714
6.613751303323737
6.64853604389582
6.558500591378523
6.592386833010253
6.589870154777778
6.599175682379675
6.556874545104163
6.533697430911281
6.541914323281713
6.592614757457216
6.63698381492704
6.604681227774117
6.719687788364037
6.630187122967085
6.545034531032365
6.517452574816022
6.517810836912409
6.548898642167744
6.622177298848955
6.6584094382349015
6.558446120197171
6.640272226396091
6.672863189997731
6.602443148151739
6.5958269975180945
6.491889097136003
6.572332438627868
6.564651989146321
6.518586003384069
6.575431856683096
6.594700108956518
6.702086737408746
6.755940399809902
6.790496073114812
6.833856508432204
6.766709347134695
6.668345191640651
6.588743161238488
6.61435292176343
6.570452973317951
6.485752101155173
6.434225227015702
6.451273629423442
6.473481553401235
6.4544854803004865
6.4961213480606865
6.526415539097323
6.649832754488182
6.681448518037384
6.634551231281774
6.6590923884823425
6.689903310717939
6.69328127044688
6.659534588775874
6.555265100807641
6.642589354633138
6.6145755234794334
6.627783910740096
6.6857236653832395
6.652356745154736
6.531073500569686
6.516111058539711
6.5591854311172115
6.592621766542453
6.642650201113735
6.67071599643952
6.686599954615967
6.666048054726288
6.669511592605808
6.64413958090609
6.704592410074131
6.705990853574078
6.6481614066818935
6.531177289140065
6.495837835299437
6.463233094133899
6.596974162508495
6.63860560953877
6.618160440877017
6.63717744587022
6.578409759821427
6.5940916297467975
6.56321156519988
6.567965250927665
6.655701118824306
6.674152816586745
6.739854479296368
6.653395065858373
6.657772904838195
6.644394493676581
6.66302807040189
6.636407413341446
6.715856665082844
6.779591202910273
6.74285925196972
6.758433619145771
6.773087181593034
6.755262597052158
6.794229328225703
6.825919517111099
6.7383836590672574
6.669359904810409
6.683241179959713
6.607175578980342
6.60849326585105
6.6279177859564635
6.685097459917859
6.673778198171363
6.651456521648585
6.71765563048432
6.650085228499134
6.660382385258697
6.57968676725909
6.5435759963720725
6.61467579993057
6.693249954292957
6.668678964053629
6.560447657562691
6.520521918274113
6.560654900781035
6.527549529633738
6.5042832025516795
6.4562681192597005
6.499754224840259
6.502344650949059
6.557163826905488
6.553443420030746
6.626122792247482
6.545315445056807
6.466606350041112
6.417492841498911
6.394061045095755
6.4259200917786385
6.344650716885819
6.376253626697309
6.394380064439927
6.402989667076636
6.485205596936273
6.526594070936492
6.503158695107948
6.500218024278755
6.4691815027999215
6.427164026948692
6.3852417431114326
6.404853394395673
6.418773941213821
6.396285838316443
6.4261526297746885
6.366019155160167
6.36802102899338
6.342064680750395
6.436117844234441
6.451107651118518
6.4068930450100625
6.41898681479636
6.4546029998844165
6.4626384280623155
6.4867231857163405
6.542094565716961
6.597795169058156
6.574289134845062
6.579398980433931
6.589824236422472
6.752292773958297
6.671962046631083
6.674437294603234
6.6934172361852475
6.660779560561357
6.629999526602842
6.645300057330702
6.635338408555477
6.672783023731492
6.653565854083294
6.613489020976661
6.660172702259755
6.7609307917254995
6.6346568691539956
6.613547708688179
6.546284359464003
6.5342544924659665
6.587939455884643
6.555534214386915
6.603388353029211
6.650361070521976
6.632830338522312
6.569198006900909
6.632324933095135
6.627527974990022
6.572885350835973
6.554688584297466
6.484941521243208
6.472868479556969
6.382279015556625
6.3720749882133605
6.461723212411314
6.439195309332073
6.484365642309171
6.412259533720614
6.525351560970714
6.569741155153839
6.578613342739967
6.503947981237012
6.628030460118134
6.623706127822434
6.595108058266082
6.503158733039783
6.500418632700629
6.554609056267834
6.476848343054301
6.627178321689621
6.601799733726078
6.53823738324346
6.588513465706824
6.552289857443296
6.5571767200052955
6.571503710743406
6.583250414565336
6.61291397492895
6.519450149814224
6.476022158263069
6.4886635978573635
6.502076529071276
6.581577068044633
6.527226032070627
6.510449673174038
6.483443178811153
6.467071920855127
6.482750168417111
6.565516144059931
6.599750294207595
6.617736887190852
6.594526522419126
6.549970137469246
6.541988206687431
6.578926909140847
6.612192943149295
6.560184027334338
6.495318199370598
6.490713853764335
6.465297682986333
6.488859422438676
6.421896623534956
6.56616042736538
6.50599532879812
6.464810639154287
6.5376408550984575
6.587739690369927
6.559475977380026
6.6268633866607685
6.628632831088867
6.542491955980844
6.589032943850455
6.573544856570536
6.527565423332362
6.54498424638228
6.587841996495168
6.584926593706404
6.5781319690959466
6.576508462515837
6.52050526884059
6.492017688924772
6.553166701700242
6.519195958397041
6.49455140742512
6.5169930176829975
6.562266881002431
6.569348672651649
6.4743182077116455
6.46530105285696
6.374772843776282
6.452523601705751
6.511654104263191
6.433722961387379
6.45326009793266
6.482555934741699
6.522053733957172
6.48483052791343
6.380847930739742
6.4564157869096706
6.4331120641227475
6.52221465944514
6.488237352137862
6.497036785273905
6.515419808346739
6.409651078534629
6.453166645671549
6.489828199070873
6.501014033497367
6.562241402347371
6.578866948851384
6.572607379757259
6.627682698944072
6.692530908361364
6.602705380558217
6.616173633331706
6.541229038403781
6.523910615816367
6.425027634903453
6.459423475513286
6.45633141731005
6.409732953501888
6.477546340076318
6.49495958687885
6.464412386089567
6.463211938584018
6.454188284494433
6.399538860315325
6.414549227601958
6.320316580196541
6.408837041276065
6.449627449724172
6.431588291635076
6.433868170583689
6.376490622837961
6.336336773056608
6.43827363705248
6.387852667357546
6.402849970389249
6.384931593214146
6.433748991655215
6.482671507877636
6.485318387433152
6.5092804238788045
6.46640008922225
6.446064475727297
6.362628143443462
6.425113982050783
6.33433493538391
6.3491210036243615
6.364014192381867
6.515089972926537
6.505784623969945
6.401807710276853
6.483822654660716
6.525558886684152
6.527054655798877
6.520626238370116
6.50398469180977
6.46737472587452
6.437978161954557
6.485581562260336
6.517063601361223
6.5240159147441465
6.563458631964529
6.510830336801734
6.54329965338955
6.589491463029484
6.49933346940281
6.47912498833833
6.480755999360801
6.399283193798079
6.419947612598587
6.415733372754957
6.410543007887447
6.4887688691129055
6.440860708947818
6.486778652358145
6.480334364044569
6.545236286589773
6.557558104448209
6.5121837155758024
6.496340054731948
6.517784994260206
6.5432926797108015
6.4773006298493705
6.496158208311117
6.51950467878661
6.511272799786061
6.523171323872522
6.50694594908471
6.568399181088052
6.451373484049706
6.425935875881598
6.3886843016780706
6.406977759233379
6.371382572356018
6.385723598099383
6.3581649480982785
6.356323042294854
6.457788422249028
6.394863503769977
6.344996790827558
6.4794564232674015
6.390870441547843
6.455936902509722
6.549359983692048
6.479713424194596
6.49126232428629
6.473198339043343
6.502392865609645
6.545849190013067
6.547747682866885
6.480249435703345
6.58707009671774
6.506346165478749
6.465127132482077
6.471500400641789
6.509740611583964
6.367151578615739
6.517054007681139
6.5481368820275945
6.554048686538753
6.509742529931124
6.435792686703467
6.465360710272676
6.442376581925621
6.5490025726776375
6.518880661364053
6.486028056729406
6.404811313998638
6.426929184027458
6.454936542277332
6.389963293596056
6.461819044646355
6.491616093550162
6.518765095148394
6.559872309412167
6.501654630628392
6.51003633305337
6.482084416816281
6.4678983246876856
6.472965118400928
6.450728541401069
6.357838768814619
6.409314309440211
6.420030906986964
6.428245467473968
6.500877013784855
6.421238159705765
6.5055750825940155
6.509203571451634
6.463836038994306
6.436422116419117
6.423753293353813
6.459188694097512
6.41116522841585
6.4172602512434835
6.3723033277056444
6.341876943755191
6.392594943108662
6.415934684863993
6.479464337501057
6.435043744474986
6.402155867265143
6.45644071180349
6.380438070162908
6.365425682932638
6.438513875716589
6.410646567164397
6.450434518956405
6.357096479539693
6.396930411985337
6.404244655070525
6.367025014125721
6.348972921333984
6.3813420812261
6.399241763762524
6.393449046698832
6.369560116026338
6.439673888703799
6.4297250308406015
6.483047253303698
6.481192113158327
6.475119636173138
6.454849761940979
6.445236760235351
6.450545905204534
6.432991914662527
6.392371310079493
6.446432847795463
6.510686586234499
6.374482979570177
6.409873903294914
6.525404796050277
6.409910570533967
6.557294848837603
6.526745439390081
6.527249852888012
6.56958628623293
6.454024192099063
6.480394131040261
6.540922812523913
6.468679393392624
6.442700895989066
6.414983931331536
6.417065161554219
6.401650661059656
6.451222918917926
6.407639364458207
6.358026793840977
6.458460431403496
6.425651405530706
6.401649057659885
6.391041682636801
6.4261734954688885
6.4622853313107225
6.56381791609717
6.471729313807942
6.414738676175032
6.444281395702726
6.495146037925697
6.574007993119881
6.565895695651714
6.60294839979114
6.60886881901008
6.551445878548433
6.5721433704534835
6.613484291148932
6.6487409019909585
6.630283526309908
6.479375089951614
6.581495201003592
6.554069739622864
6.538772910173165
6.4135189037565254
6.415078849961711
6.387663338559571
6.4689177007493885
6.5257241125740775
6.4696611080903095
6.468396962863233
6.435966120939188
6.413836286085857
6.47622646704814
6.433908009252733
6.437661145347169
6.445051523844915
6.515800731858313
6.561692584967935
6.487029273149702
6.52462794888935
6.544039453739945
6.53774635547152
6.4657502546915975
6.448903973058774
6.422202911301803
6.389232199840865
6.364956554137713
6.400734255007868
6.325546061896475
6.4434838449314835
6.423385826718981
6.387567380640068
6.4314597305324765
6.465669419106131
6.4900852222623495
6.474759732544799
6.442123995005549
6.474903423739716
6.49414469445952
6.395615625086635
6.438020240144939
6.444614400729593
6.398675324857927
6.54751490685505
6.5419707102284335
6.4106746288313685
6.410585511630046
6.428705941003775
6.448507620735207
6.476326983066529
6.590412029876346
6.479574235905797
6.49182130727137
6.436226249342396
6.460418764752934
6.3999504259747
6.448557894959195
6.4445892725658105
6.5256659422973975
6.496341577333242
6.530635981146637
6.546352166152152
6.462478871993688
6.464883628429972
6.481741042745855
6.476175544618761
6.432645517473454
6.454061731051542
6.436314289932636
6.436868304091867
6.412880248511838
6.428317972031233
6.485097308119259
6.5134551713308
6.520470623511239
6.518324121061807
6.661656650586191
6.521309555562744
6.457271820915531
6.4756785377011115
6.410679750693045
6.370557641026453
6.3671532798012915
6.43013808091373
6.439997281794414
6.3841992931233555
6.419097062972043
6.440118226968596
6.4362841060801825
6.469740837926457
6.398056807636099
6.3830146321975185
6.44885746370277
6.463001467553166
6.354664762669144
6.396268439348697
6.452290915358814
6.503220974433465
6.4888584909193945
6.530020038252827
6.460693894773548
6.478473004670837
6.475095204359752
6.442791482460095
6.466470369994436
6.449220436022816
6.494342886319121
6.42358166654006
6.504484149181518
6.503711039256311
6.5402556039295074
6.59180928705114
6.55044612671159
6.553712255510973
6.533584166270735
6.554657185290849
6.507055111402936
6.479445151575862
6.5697379042644295
6.561240839292001
6.6072895127545435
6.618339867516025
6.575117532516769
6.518963108643728
6.521412649667245
6.553441941190771
6.578903788377831
6.599196113570281
6.530664822839746
6.539748767403585
6.498593858463784
6.543155816823374
6.567857369634373
6.54273866823211
6.441107661587188
6.522877892974038
6.52934456355986
6.509357187793042
6.607013351753854
6.592383470812844
6.6315660498085425
6.524404223467246
6.432866788512796
6.460223323369523
6.402393142077823
6.477340334632877
6.539522709996099
6.503788178228795
6.4471000485719605
6.55778317055216
6.441523414149888
6.4553876775753345
6.5004949577254
6.566453058188474
6.55651144918596
6.520553152188892
6.501378465186894
6.5195227501185675
6.471775699548615
6.494953842144191
6.519325156917077
6.5189452055935995
6.493408028572238
6.49436372860828
6.543421075819205
6.487059553696697
6.466118171310263
6.5359817343358335
6.409165427851899
6.419636592081361
6.444101476524339
6.396110576379374
6.437649586095487
6.547604106992082
6.542361079325714
6.4686910302187615
6.441537728224044
6.432973558416694
6.42178236123723
6.376701152129624
6.444062304842147
6.604139220567099
6.549086079825711
6.494139846031978
6.474400487410123
6.468979559871836
6.432496541605402
6.469550158964748
6.4149727667765415
6.393152773974593
6.509497947797573
6.4520072161995685
6.401580666570629
6.467755716161975
6.4094969531756165
6.467688864964652
6.480458654514534
6.540443380535576
6.491301715331612
6.407015766427614
6.4560209167251505
6.359789060853259
6.385410912158302
6.394518583695473
6.309315936286715
6.439259735806174
6.457491691704691
6.462630545973189
6.4562542675212855
6.4069353885797975
6.417754320956048
6.44621426239082
6.436418070304699
6.526824739002091
6.435316658440437
6.468592950707198
6.516042099141941
6.5303487743754145
6.503743549589331
6.521769142136071
6.428290457596092
6.393888672710283
6.427411145097544
6.434403377978307
6.379504803561068
6.408717943729649
6.41325138961088
6.459133069598302
6.408338745938154
6.377555620650014
6.415060093933047
6.430150035331932
6.402934860354402
6.4417518220205565
6.435710818606792
6.44879450973349
6.517760064010547
6.538739031654691
6.553582734061819
6.611763687441996
6.522647151663619
6.487557875127838
6.515813814635227
6.464597860505053
6.5721484706992435
6.503655648947373
6.581339479469818
6.5991689679317735
6.509870642273176
6.504115818680887
6.520040232861627
6.518885669117295
6.507146007063155
6.519950586591625
6.539090251777201
6.432079663315641
6.533930788200776
6.428776759294453
6.403506282575321
6.400158846467715
6.435090168718812
6.443926179114497
6.4627552102560415
6.506567570882272
6.4448115012532154
6.4746906883994555
6.580756800971342
6.602990403347077
6.599216153924956
6.598034098326808
6.584011537008164
6.465639996118315
6.52462500167364
6.457451283455283
6.446539549137796
6.498109281337085
6.477581156336628
6.4918709325599755
6.497634742800085
6.4796383638014925
6.404481310014244
6.4040430254568985
6.464118738989307
6.405753362212692
6.367286145851304
6.384958811020255
6.405740013679212
6.389620044118301
6.357474404398302
6.342105560674144
6.325833580056749
6.313988313730727
6.396907073232424
6.37822184170455
6.401645497565599
6.450869963119356
6.391389527177664
6.4167977573372
6.364403934091029
6.412921467082634
6.3734118021012245
6.355347430644729
6.390430768016414
6.427910879380558
6.361447311215474
6.430470007873131
6.398739050388763
6.332262165317842
6.383055583058048
6.404491105616629
6.449266566677193
6.5894706350650365
6.394743930207705
6.407614554645677
6.433853173166002
6.5105217961866995
6.462753400794673
6.4708151304047155
6.4422655496816885
6.4177336044169175
6.408529451034905
6.413581218979021
6.400412700889865
6.453431111313401
6.516364195722111
6.4945479771771675
6.456883541772807
6.477554002550512
6.477428198826771
6.433205928656625
6.402748219844413
6.440640462307644
6.56203955854386
6.513883849422315
6.5083877583148295
6.483102060207917
6.494366862024363
6.351799384112442
6.417751625478771
6.421435276953805
6.424082114058976
6.529194507120051
6.515393024571858
6.444504621486968
6.48367153147001
6.525978110704188
6.410240749479265
6.530985083282711
6.539866660911397
6.536364182196014
6.501620618256707
6.446336936575884
6.484231302537264
6.377807473731454
6.456831190183701
6.4778460590286375
6.399438617298651
6.419248192142111
6.460173638108207
6.46985037786754
6.459191624796791
6.449007522656552
6.471722355552448
6.414392155354486
6.461856743500801
6.383208866722064
6.425286950369883
6.4315321370950285
6.450364747049917
6.396538652896559
6.434459855761484
6.426529617800366
6.351690894809272
6.524344218140904
6.4738265979654726
6.470597818129011
6.550976560195483
6.486336269794082
6.499709175095083
6.472307943261881
6.474382677288982
6.473500767064302
6.48172068852186
6.430015452333835
6.474729548687281
6.532258085791659
6.6312847861170585
6.567836652610983
6.606175901899681
6.609221760693055
6.613591312310268
6.486607720080328
6.540944610623958
6.540537897577638
6.555155294057121
6.558773886511594
6.660429673403952
6.636320269209163
6.557783054285593
6.5137523497519725
6.460460842149034
6.444766550001727
6.388820904537703
6.404174290271683
6.360012208666388
6.385078978020677
6.463438562698968
6.509519363657947
6.458662179987611
6.500875279097456
6.461343410200603
6.490025520043713
6.523238649434596
6.482120937981301
6.448557505670738
6.4891993163496435
6.487089741790702
6.533868565203789
6.514098841537943
6.560465198972579
6.476713033169185
6.508208605457613
6.545099797875618
6.580443902617617
6.567866942639177
6.583379273376388
6.620034218361345
6.555772245188328
6.629516447214325
6.51896310285782
6.4930422436138295
6.456327884153452
6.467462365663653
6.376157832451472
6.425053633987226
6.450477896181023
6.4939480775191845
6.414159563650211
6.4366171030325345
6.479501245891025
6.559450229170726
6.476396113913434
6.526699256822784
6.490802745349841
6.45043393662906
6.456707640283532
6.454472876566555
6.514544960168923
6.537338167104516
6.479040244546627
6.4874718761483
6.425158782792573
6.519337214547471
6.513021713974538
6.527950083830635
6.585371717320026
6.4639023802444635
6.497804182055433
6.4732445956243305
6.494868296390114
6.451771169384128
6.38843447825418
6.469046053748642
6.486062703284245
6.5488486279333005
6.481846162302546
6.342798808740417
6.407576247587577
6.4415494021193735
6.447721204921708
6.5055946243938125
6.516282003690139
6.526035947049649
6.516476249879656
6.497041898793185
6.487664233813862
6.562779942266408
6.500975806607491
6.4934706629412595
6.482265299505721
6.448245973010674
6.55855734762567
6.669166920268141
6.659203750648744
6.709035823535058
6.639685088163936
6.540851368517797
6.684889859407633
6.621686380407003
6.5782614008103675
6.49683319906278
6.54420423000587
6.554585295867719
6.511348283424051
6.510517357589506
6.553079155884041
6.55814210384221
6.540630688387324
6.4871399726623
6.5155012973943025
6.51705055804445
6.51696911165406
6.456194974866446
6.469241531470188
6.449992853452562
6.434655741042214
6.394692074437035
6.476943843465768
6.527039065638026
6.516384371463391
6.526848551248117
6.526140162444486
6.485226221086365
6.503224228595308
6.497365123101899
6.456808547849147
6.445413142940915
6.517046151554208
6.567769657807414
6.5238907629501
6.499119300878941
6.483611894165281
6.5178778035478775
6.452746975151996
6.48309222633009
6.504282138711647
6.402665033703406
6.4107596674094465
6.379612816290823
6.421113856120523
6.4491115835318
6.422705833292206
6.391869040108026
6.420037615528382
6.5059113366086345
6.578788755896602
6.605476670751195
6.515213466029045
6.499570835068602
6.465040769503218
6.454599577211933
6.4956920245107
6.473595416071482
6.486888016504869
6.466302689377828
6.367914733590252
6.370777443963102
6.461029396048317
6.372537173593444
6.4448991596992995
6.413710210795292
6.344442975761254
6.438404141219037
6.491430811802349
6.44156042637304
6.432192380363744
6.428673159545172
6.463782574548903
6.436810363142476
6.498462942037011
6.498803772891634
6.489503111970183
6.483134009161585
6.444346385714984
6.476638029151384
6.383122284940833
6.404950204606431
6.3690306861455035
6.49101254144033
6.443345893382035
6.360012796442776
6.401046727091812
6.477203493629223
6.431274590956141
6.3669902672565435
6.40788488907345
6.41226951173647
6.5207273950498745
6.43954247473236
6.406314292621849
6.358491835233502
6.384809918230054
6.395288191256842
6.433139475372177
6.474998196626061
6.418448835473594
6.467158773737529
6.420141789322544
6.421670433131234
6.469176911422579
6.489227038690716
6.523779820116101
6.489935321171919
6.481375689681933
6.472577973026384
6.464395195563606
6.518415525324342
6.4686752509745595
6.514398237061381
6.450082999136887
6.4576036017354435
6.438740986556673
6.548283375338671
6.563732953826145
6.484802002741196
6.528364955489506
6.55272096893903
6.510229380930814
6.549063580467079
6.436881791033442
6.487563576640697
6.475231794770918
6.418894930792701
6.465437740808188
6.397315746659892
6.428388962170401
6.468864564008113
6.38597266366522
6.422187910995982
6.4586686957385195
6.464323577458359
6.496407015298277
6.393896612402784
6.412746565025445
6.3907020647422295
6.42605074560811
6.3903706489756145
6.40620295938277
6.42186584806051
6.415701078327759
6.415487066754933
6.44054288785105
6.48122472842861
6.441204839307265
6.466527225586322
6.515747819417006
6.476182298341773
6.381600969591293
6.45285535920147
6.491219338000227
6.434527978212938
6.489990654527128
6.431888403359866
6.516849659330275
6.486665532163245
6.412907584400464
6.518413105837456
6.45528143415366
6.484509455628694
6.508799456083333
6.563360213348627
6.502859766048911
6.5016148887367855
6.487502413152143
6.4603371629854305
6.471873551962989
6.474367894727501
6.473564729556222
6.43324175000108
6.378985764278812
6.308867498602394
6.3487841413620885
6.331479729438332
6.379699637872283
6.5404686744104055
6.527699347113712
6.4832145700008965
6.441435128541283
6.4789124436784515
6.48264086899678
6.447300597972853
6.496623896850061
6.416283931514202
6.447954022977562
6.469457794598223
6.453723454023344
6.4233805636158054
6.385989460942068
6.476079856558387
6.496170781000891
6.38661944980182
6.448454111449349
6.457669112387257
6.421921840629425
6.4518398150701435
6.4068420618079065
6.47953540038549
6.444172463174039
6.437054161772602
6.4779214137041405
6.4786124871179505
6.471402859363483
6.490863781757327
6.46819257229415
6.392256155862033
6.3975277526779015
6.372151372960683
6.4085535423805675
6.409288637881647
6.404234536467256
6.444243285744024
6.4559201936248565
6.503944702704778
6.452820963176828
6.446612939277075
6.3710162394819285
6.419162355826033
6.4002955126090315
6.421565973355019
6.418353153900504
6.412591465127485
6.48883315498369
6.432387951145619
6.434153478701558
6.3794074981937126
6.324873501184039
6.304994884067849
6.413539120472602
6.3880685794873795
6.341785979562507
6.3218976367680275
6.404107167868158
6.448577153424941
6.419465768681265
6.4120018870216535
6.34754455625048
6.325874346014944
6.377221476804783
6.389884504649411
6.367488826120323
6.351590097608434
6.425509936547703
6.363603955907609
6.422101815791912
6.30665643403804
6.3702771730316305
6.388833888096676
6.417129432772541
6.3919096799760835
6.4516413777636625
6.432287958877685
6.483393450919567
6.4395467835555555
6.4173978846061726
6.423740848688978
6.400195546938973
6.379138472369471
6.3564598937905545
6.38757129124524
6.388555843006243
6.3900933615170645
6.411699919381907
6.437320196055938
6.3654712283658155
6.446943259667829
6.4789060223332
6.575814972293049
6.544333970050717
6.511910350012523
6.474509266693903
6.494834451094041
6.4020151226358415
6.533032257522302
6.488133780313918
6.536973569435212
6.4364265012587865
6.497816300134611
6.478907960404002
6.575218200944118
6.501448977768844
6.358023252405604
6.36483983278025
6.336329348505963
6.354423485698828
6.448822481330654
6.433541704727418
6.372770784531428
6.354942795673741
6.440648179390507
6.447417203529186
6.395421782495515
6.407321024434815
6.407474423900711
6.410703509990028
6.366510317222628
6.360098677360357
6.444481780822232
6.443545793979148
6.3993079067035215
6.486165525489495
6.381142285923211
6.429195279348928
6.48802209024777
6.514714440519136
6.497501251220247
6.4613273028235385
6.42384920019394
6.475658586662787
6.440995883037744
6.36397378623179
6.424651251109138
6.364006057902173
6.416494483711205
6.430714698983848
6.434606747379381
6.37750144992236
6.396669652956978
6.3865406221874865
6.3860666617069
6.4230746838994355
6.402261283947921
6.453000665690337
6.413263661328857
6.403505971988487
6.361363230382205
6.418565356764813
6.505735282262725
6.4903024544014425
6.531298815189646
6.499399553943726
6.445441059883584
6.347753321330838
6.352181334285785
6.343483890095818
6.465573962622909
6.417579053130906
6.430586426329737
6.395103673337544
6.383775136422422
6.383252029020709
6.381824601707664
6.3679034377486845
6.349968973013764
6.3438499066700516
6.429968472035485
6.488115145554262
6.504120135888376
6.417606095189553
6.454207320155617
6.418268483377924
6.415923570872734
6.457829210726853
6.453875293248784
6.467445690799646
6.510290948426664
6.403120381615636
6.424209100703233
6.499960788549003
6.482787109939807
6.485004016560943
6.530623824360674
6.526519411089672
6.5997203088356455
6.582577292249221
6.455684211167361
6.514652399916676
6.5351232987687045
6.486917829813485
6.482374492286205
6.497096240217279
6.505928482508872
6.41209614961623
6.3787662322612375
6.408731856277296
6.481108758627325
6.515935029360732
6.465513506543324
6.425811346896912
6.419054517694114
6.420288550635992
6.48458651147703
6.473911409051925
6.437970538046733
6.385868300504823
6.3351610157759675
6.466202133766347
6.435066018737314
6.445702629127804
6.508126415380454
6.512019336766283
6.422935979763557
6.467625096503756
6.500767799446893
6.4897876637755125
6.474921578801874
6.508471354713055
6.492842182501873
6.553931233224455
6.503528754260695
6.530013028566401
6.467051241573251
6.454051752305637
6.41184393661095
6.434585563651592
6.432188271058094
6.51425052451756
6.452185726760246
6.515942388367693
6.5887224455016185
6.572886981359455
6.558299904760337
6.573514279804202
6.607209812220624
6.497279990668341
6.4936721137030595
6.4782402948421325
6.5030789693203
6.510760097434687
6.472095304214887
6.539415651332134
6.571748142614547
6.613019994466368
6.609428893611985
6.5528345127746
6.531567302860324
6.592381584847983
6.584914694572461
6.50759599747525
6.498915138943617
6.465612641073193
6.505690228631209
6.507343193210919
6.464940243637304
6.450632872740271
6.398875764142115
6.458470316965752
6.412427714652185
6.454853532542319
6.4991291953236825
6.532223642317778
6.61455668774407
6.611383985311475
6.518206258080169
6.522469801403259
6.507244493120122
6.512993380792435
6.609554167922882
6.732142440836063
6.688669174396927
6.6854371968230355
6.568274772238218
6.6358751958713125
6.649936033927608
6.665059069325586
6.63217896466237
6.607438626102072
6.609538471749588
6.6380335596682505
6.593058968705123
6.692203269962399
6.598941597525012
6.478571321597222
6.4776522112948545
6.471661628534048
6.437479790819598
6.484837524651243
6.4693887162298145
6.499285223389234
6.480265786224445
6.508915087088615
6.551321719496504
6.495706475197981
6.4826897119616005
6.4933919586636355
6.448912850205902
6.443996869483169
6.487483334242991
6.52437155237974
6.588494273273878
6.552094976779114
6.545831097976402
6.56021868036195
6.544951400649821
6.464700904155695
6.485369992763842
6.467977647734606
6.505122607135979
6.538895439077867
6.478128786673099
6.377035389382917
6.443606911433317
6.493038766407339
6.544176179767462
6.600186050499169
6.6374766749771705
6.600661316403315
6.601438490085896
6.637710691123668
6.598978006946053
6.535983559429491
6.544020984829717
6.591079912102713
6.530950449395193
6.470633015604097
6.496336051836644
6.522160200791387
6.587430667438444
6.584622315664977
6.60190010579309
6.564193548098934
6.58143886344235
6.442558924770264
6.457868784359442
6.4142107424990025
6.408084787109636
6.48359267884497
6.461694513175644
6.452742882452402
6.481169224728786
6.537045953799386
6.725255901179791
6.670595926565505
6.633954029206569
6.691781840092449
6.609987380890615
6.6258749926336575
6.577095422605017
6.5625226274115604
6.497773979272385
6.451363544332314
6.438014060968645
6.521950602911984
6.409766480950449
6.375475048574781
6.412568906986413
6.436560554766436
6.420839005333855
6.408257717695741
6.401748224133015
6.3876390496510815
6.406542418127165
6.527480406960773
6.475331814695072
6.474339139173847
6.491186102523273
6.526690135175608
6.451833955853036
6.423820946890535
6.466940402254326
6.518529104124171
6.4673287764681415
6.454479832595779
6.354247212457673
6.3788563266319676
6.423669958202099
6.462723262253745
6.473493058297153
6.462101211107487
6.518867459189456
6.454666701291848
6.537066015812566
6.420770842384568
6.418313471241221
6.46037983042582
6.445080815079135
6.424764169247598
6.4459196508962675
6.415316116801314
6.4444684240658745
6.444674357686716
6.4843477877667155
6.432657936098989
6.452979494549524
6.459449488086435
6.51646418332519
6.414866847403783
6.480373285114763
6.455774360705834
6.46004032380241
6.483529139047796
6.510640356093735
6.545900848497753
6.5503775949176735
6.57781266149412
6.565532632456049
6.644279153458831
6.568811744349799
6.614110113759642
6.676975916883779
6.661045770809641
6.68754710333861
6.7834132513909395
6.773035688408919
6.738426107454164
6.7754093213615025
6.687917749957739
6.615052009246925
6.6007228261845
6.560850029881101
6.429035955409757
6.546634578428441
6.485176499292794
6.502120131107912
6.557146290536655
6.5434918932413675
6.505752965481739
6.466038401467658
6.462024341749897
6.53892194801799
6.546570742905527
6.372264198912717
6.410097256488303
6.406528184423449
6.43287930083006
6.419735203684028
6.413086255364378
6.451147632776504
6.385319019144524
6.420151109653971
6.447173729181409
6.412767338429336
6.409337526111672
6.451421127859633
6.3795838960361655
6.378006838298164
6.462588834144914
6.507341017417081
6.429144364260629
6.417279410154188
6.471521349653795
6.542914761775382
6.471757060502292
6.414971189236833
6.481915436652413
6.480329332371143
6.514646062424915
6.5601940897340585
6.520905118858285
6.442015197187251
6.4782116788899655
6.495906141412634
6.481285072062398
6.423115974027852
6.4651928312602385
6.51238286359989
6.592344360219095
6.603512411360992
6.539487794572049
6.562422746415289
6.534636481807283
6.470001125816117
6.430375005116728
6.521483542767642
6.428827817982518
6.444957643607749
6.558745396234231
6.485209623809962
6.49656964943643
6.48570251601041
6.420212070618608
6.419154105061485
6.460515349277592
6.443713427253937
6.510086284686956
6.516227277367281
6.509238305904127
6.435366058800439
6.433616090342327
6.429373712622205
6.49506612267555
6.497494505993154
6.5052052704866075
6.455073562190862
6.424960670333771
6.42327910701787
6.419695658734558
6.433585131083898
6.457651366081274
6.337623664473695
6.382088348765265
6.3853045124860195
6.374518151107172
6.359759673767126
6.4404595545706105
6.406230008018699
6.377138797213104
6.425049918188453
6.415969927840964
6.438149800186146
6.449874159935581
6.439868702649045
6.480502887822828
6.568262728971491
6.51750671109726
6.545304264814634
6.52425606467934
6.48343131783267
6.515019046376317
6.427851333933306
6.541397196192296
6.51406475642191
6.53600059842299
6.477044684177112
6.512642640539287
6.529847067691147
6.5599903352859945
6.497964181251357
6.5594724851113
6.5034330808086604
6.614361027974446
6.594092772719696
6.555187717527135
6.4151049907381505
6.349022135491285
6.411294560711261
6.457858468496903
6.445361351771859
6.456846263850282
6.482915894698038
6.446793856583772
6.423672019408821
6.3902559914789405
6.409575071689685
6.401918004592168
6.329957925317721
6.385008095661565
6.443778826143443
6.4689852205907625
6.4150662666794815
6.442545716789476
6.437683683297278
6.501608086180515
6.519631705025528
6.4818056156178345
6.419743861259193
6.452119105116635
6.4213870393963175
6.432279183525073
6.408056860097182
6.289059754217615
6.33472925752587
6.370880480344976
6.377316383590543
6.4321401280493244
6.507486378909075
6.522952177897434
6.553179208162987
6.514332613332499
6.545071339304712
6.488460748667253
6.462426341995468
6.399709115594337
6.4515542516914515
6.472638385680912
6.472174331000122
6.452112007628978
6.409271695153416
6.426052391447111
6.4359769552519115
6.429730334967921
6.451271086651777
6.394643379065343
6.448793569361978
6.447527893274875
6.452786652358478
6.438722269023661
6.41639080039046
6.522148578105414
6.567992809688688
6.6053503432814535
6.571629060689893
6.553004464401757
6.560104062266325
6.519762621766339
6.532805183720437
6.559135017817492
6.592355835714505
6.568248983722545
6.481030712923505
6.485071862355272
6.492703951296571
6.433665018208676
6.497168494048244
6.540624105352331
6.535023364786294
6.50645948794088
6.568133438176278
6.535822940386533
6.560133991788418
6.479791443490531
6.543790130084563
6.492001195395273
6.500487359220915
6.5623970057714685
584857.5104522831
1117687.6933660093
1313704.9344145353
1385815.6493476897
1412343.7115434462
1422102.8773423776
1425693.045744871
1427013.7706790376
1427499.5920214767
1427678.3305982798
1427744.1743619295
1427768.3604251973
1427777.299273565
1427780.603613057
1427781.8170734635
1427782.2816771793
1427782.4306281665
1427782.5906135922
1427782.5874711399
1427782.5344405863
1427782.3685204487
1427782.1823808698
1427782.1495018092
1427782.1801003506
1427782.1572860957
1427782.164374024
1427782.194899906
1427782.2985773182
1427782.4499515968
1427782.4065196172
1427782.447847338
1427782.552228697
1427782.6033097168
1427782.739039761
1427782.933181706
1427783.1030851689
1427783.207231387
1427783.2957870045
1427783.4572383587
1427783.5210168643
1427783.54135683
1427783.5171973768
1427783.4998079832
1427783.5263032357
1427783.7125137916
1427783.822144708
1427783.7851540179
1427783.8214391686
1427783.907173805
1427784.0342756133
1427784.0052393023
1427783.9427841934
1427783.8915512168
1427783.9217478042
1427783.955957689
1427783.976668429
1427784.008736791
1427784.0560345878
1427783.9768490405
1427783.882150669
1427783.8666448647
1427783.8827856642
1427783.8756383546
1427783.829424017
1427783.7757933969
1427783.7215093106
1427783.6578490715
1427783.6519645767
1427783.6529440028
1427783.677609655
1427783.7204104466
1427783.6860449556
1427783.6954352066
1427783.7132963622
1427783.6766981878
1427783.6452791314
1427783.6351841087
1427783.5801222902
1427783.548799197
1427783.5999499478
1427783.6067299
1427783.6014521113
1427783.6667442403
1427783.6599014164
1427783.742777289
1427783.8713050603
1427783.9646756877
1427783.983300739
1427784.024385755
1427784.0989304194
1427784.191464972
1427784.2102948192
1427784.1844070943
1427784.259741977
1427784.3746087144
1427784.3710362546
1427784.4419517943
1427784.4515867382
1427784.5134578783
1427784.4989394352
1427784.519994419
1427784.48765299
1427784.4449290202
1427784.3212819598
1427784.3450700394
1427784.3964831294
1427784.4327597918
1427784.6633427835
1427784.946399356
1427785.0305567225
1427785.0419382998
1427785.0856835232
1427785.1641079138
1427785.1045327631
1427785.0621725447
1427785.0613992023
1427785.1278625804
1427785.2370977988
1427785.279457581
1427785.2262637645
1427785.0615586648
1427785.0193646962
1427784.9580798366
1427784.859574474
1427784.8368935178
1427784.9124931057
1427785.0025464268
1427784.9787663063
1427784.9811431363
1427784.8961797636
1427784.8469938696
1427784.728504196
1427784.6562392851
1427784.6699697645
1427784.725137962
1427784.7099168978
1427784.70773647
1427784.7524189246
1427784.8791205056
1427784.9077208966
1427784.8738215407
1427784.8180686089
1427784.804586607
1427784.8821523678
1427784.9110336434
1427784.8806418523
1427784.818487868
1427784.8355117564
1427784.8642782967
1427784.8138190105
1427784.8820624526
1427784.9112985483
1427784.9563482387
1427785.090610772
1427785.143266116
1427785.0868152818
1427784.9599961874
1427784.841002946
1427784.692953365
1427784.6286701472
1427784.6619381483
1427784.7189556523
1427784.769828088
1427784.8465004677
1427784.9088414635
1427784.878309135
1427784.8524666734
1427784.87443218
1427784.7857149797
1427784.883587706
1427785.05659317
1427785.1040043929
1427785.136988784
1427785.172817453
1427785.153765137
1427785.1628633812
1427785.1466994865
1427785.10568479
1427784.9899440547
1427784.971335833
1427785.0719570385
1427785.0357881468
1427785.0372396575
1427785.041805481
1427785.101789803
1427785.1123574267
1427785.0386404195
1427785.0070527154
1427784.9472669861
1427784.9501506863
1427784.9921364386
1427784.9522212108
1427785.037743572
1427785.1552535358
1427785.2095364253
1427785.2068293197
1427785.2161741904
1427785.2520181574
1427785.3529200486
1427785.3123122295
1427785.3572395935
1427785.3555263614
1427785.4460603313
1427785.5086241344
1427785.4955172425
1427785.4784700684
1427785.4421223195
1427785.514248988
1427785.575811555
1427785.7226626289
1427785.7997763152
1427785.771351591
1427785.707457901
1427785.617459306
1427785.5325451621
1427785.5340486006
1427785.501456066
1427785.5488277823
1427785.5178966096
1427785.5473032969
1427785.4539018683
1427785.3747592322
1427785.3378222059
1427785.2617891366
1427785.1608287299
1427785.1274537207
1427785.2197657186
1427785.2586527248
1427785.3856360791
1427785.5204692078
1427785.5904437394
1427785.6061642934
1427785.692971765
1427785.7241011257
1427785.7817710165
1427785.930720472
1427785.9333172534
1427785.8844618343
1427785.7660003568
1427785.592210384
1427785.3892707096
1427785.239588677
1427785.208354235
1427785.214040856
1427785.168376066
1427785.134984364
1427785.158480469
1427785.2588722159
1427785.35859526
1427785.3878854988
1427785.4457569877
1427785.4244322083
1427785.422900295
1427785.344110622
1427785.2514129449
1427785.1751485025
1427785.103833333
1427785.1504208478
1427785.1606702588
1427785.1119763465
1427785.1395979715
1427785.210376031
1427785.2160997686
1427785.2080989457
1427785.1831265118
1427785.166427653
1427785.1985896206
1427785.1733353941
1427785.3068871938
1427785.4242247657
1427785.4543891214
1427785.4921042235
1427785.5126364592
1427785.5710854556
1427785.6872588703
1427785.7461715438
1427785.7886169085
1427785.804525823
1427785.6730067865
1427785.520306112
1427785.3355714085
1427785.204628489
1427785.0690083697
1427784.960682411
1427784.9706373527
1427785.0324424852
1427785.0853459826
1427785.1326403175
1427785.1233282515
1427785.1216302314
1427785.1048283787
1427785.0518244726
1427784.9162681382
1427784.828589298
1427784.8274370502
1427784.8355208738
1427784.825507085
1427784.8163395785
1427784.7706272688
1427784.8034157688
1427784.7756653267
1427784.774413784
1427784.7540971483
1427784.7282563013
1427784.6060511717
1427784.505788713
1427784.5168432419
1427784.530320208
1427784.4762900074
1427784.3857626715
1427784.379731898
1427784.3009913582
1427784.2591796336
1427784.211522182
1427784.2532550339
1427784.3049940576
1427784.2753217248
1427784.3336368229
1427784.3540621768
1427784.3433404404
1427784.4063572062
1427784.4168492826
1427784.4114868713
1427784.368218266
1427784.3041941742
1427784.248217849
1427784.234185497
1427784.359096343
1427784.4074234078
1427784.3961575658
1427784.32882256
1427784.4178414198
1427784.5111307711
1427784.4488182594
1427784.3823700452
1427784.380663998
1427784.3483278959
1427784.3305139428
1427784.3020161074
1427784.218200106
1427784.200268264
1427784.2253284624
1427784.191479842
1427784.0758343304
1427783.9460210507
1427783.8681446696
1427783.7355345306
1427783.670644513
1427783.661810451
1427783.6357677996
1427783.534504431
1427783.4468992895
1427783.446779006
1427783.5220730444
1427783.594146558
1427783.7351731332
1427783.8874457043
1427784.0021902937
1427784.0940435252
1427784.123758234
1427784.1627575508
1427784.2968629382
1427784.361593001
1427784.3780024948
1427784.2542845309
1427784.1821737182
1427784.1506717135
1427784.1260882628
1427784.0973840724
1427784.070946259
1427784.0794907734
1427784.204713972
1427784.214105466
1427784.1812770923
1427784.1518952989
1427784.125843998
1427784.0284145502
1427783.9342642075
1427783.9028043228
1427783.7588376182
1427783.699960363
1427783.6658634623
1427783.721706567
1427783.6776862387
1427783.7112161135
1427783.8106869592
1427783.7812537947
1427783.783427387
1427783.8936979559
1427783.9546462405
1427783.913078459
1427783.7792069707
1427783.7713684703
1427783.6754366215
1427783.7104958731
1427783.7597983968
1427783.6678761828
1427783.6072366405
1427783.578866115
1427783.415553824
1427783.3752997662
1427783.399835567
1427783.4009088196
1427783.339492677
1427783.35416115
1427783.2847215084
1427783.2362177474
1427783.3265084336
1427783.3644537928
1427783.451952773
1427783.4345351367
1427783.4344819707
1427783.3485011512
1427783.2628825402
1427783.2488356554
1427783.2417847193
1427783.226126635
1427783.2002613805
1427783.1815556476
1427783.2072149932
1427783.2775080984
1427783.3069675264
1427783.3771988247
1427783.5049293134
1427783.6060671855
1427783.5177024964
1427783.4650368604
1427783.445791641
1427783.4648068135
1427783.5044357036
1427783.6316445842
1427783.6884589945
1427783.7320075682
1427783.6584314236
1427783.6363436512
1427783.6458641314
1427783.6215531027
1427783.6472528426
1427783.7828514657
1427783.7865062144
1427783.8020991343
1427783.7940484073
1427783.7606811235
1427783.9204583685
1427783.9946713962
1427783.9521308874
1427783.8726854417
1427783.8452439217
1427783.862325692
1427783.887935219
1427783.8084020345
1427783.8355587358
1427783.9232609498
1427783.997346619
1427783.9562356877
1427783.908891099
1427783.9403529852
1427783.8975991616
1427783.9919602084
1427784.051838364
1427784.068439971
1427784.1595363463
1427784.2327150027
1427784.2647887103
1427784.273511791
1427784.2727657808
1427784.2848019637
1427784.3883229692
1427784.4148931573
1427784.3969112604
1427784.390474064
1427784.4020719086
1427784.3861623905
1427784.4036859456
1427784.3917150453
1427784.4073322106
1427784.3908180783
1427784.5308324327
1427784.6603003026
1427784.6332861744
1427784.5293465727
1427784.5419383117
1427784.614100757
1427784.7225212452
1427784.846568643
1427784.978683229
1427785.0102187188
1427784.955924157
1427784.9403124745
1427784.9156705427
1427784.935767293
1427785.0133853804
1427785.0833317102
1427785.125681202
1427785.1372422723
1427785.1214811523
1427785.0103765987
1427784.9264737524
1427784.7920126051
1427784.6972232421
1427784.729515364
1427784.6775711188
1427784.7524269794
1427784.8521627851
1427784.9538256153
1427784.9822686012
1427785.0297031063
1427785.0868601913
1427785.136174724
1427785.131705239
1427785.1604817787
1427785.214186309
1427785.2516765601
1427785.3196327668
1427785.24488801
1427785.1386965425
1427785.0092669325
1427784.9360968648
1427784.8391966368
1427784.7726535662
1427784.6829827996
1427784.5810548496
1427784.6222031617
1427784.7029651431
1427784.73275633
1427784.7938646958
1427784.8554205801
1427784.904792501
1427785.0010954728
1427785.025925589
1427785.1397679048
1427785.1690471538
1427785.1868567176
1427785.1473103494
1427785.0791812234
1427785.1743265127
1427785.2345004731
1427785.4055952232
1427785.556375117
1427785.5603518405
1427785.5633284221
1427785.5111045567
1427785.4683196398
1427785.4239157208
1427785.443726688
1427785.4897218659
1427785.4919157363
1427785.441158572
1427785.4714041806
1427785.3779141842
1427785.3252461748
1427785.3812251035
1427785.53677124
1427785.6103792894
1427785.6621759862
1427785.527945782
1427785.3985331038
1427785.4366499719
1427785.471533252
1427785.46968512
1427785.4198759866
1427785.4171990675
1427785.448372026
1427785.5658183806
1427785.6476819995
1427785.7042867031
1427785.7997961456
1427785.8807710758
1427785.849199185
1427785.7007523056
1427785.592209239
1427785.5892810018
1427785.6775732136
1427785.707242614
1427785.7022811952
1427785.7193583094
1427785.7384294858
1427785.8908434836
1427785.9377485607
1427785.8244597928
1427785.7983657573
1427785.678189778
1427785.5915680972
1427785.5468544038
1427785.642882553
1427785.7551600975
1427785.8220234811
1427785.8389480463
1427785.927034356
1427785.9325249533
1427785.8299619737
1427785.8168177954
1427785.8316965476
1427785.719240192
1427785.627307267
1427785.5117062142
1427785.424956788
1427785.3386386267
1427785.3201945014
1427785.3128759959
1427785.2958665276
1427785.2753064549
1427785.3780332156
1427785.354138313
1427785.1907788573
1427785.037963697
1427784.991887429
1427785.009649295
1427785.045692094
1427785.0725124488
1427785.2123784665
1427785.3592460763
1427785.40635738
1427785.416900427
1427785.3149533228
1427785.2002958474
1427785.188098214
1427785.2389844488
1427785.3232837138
1427785.3450821002
1427785.3666555847
1427785.4370619433
1427785.4064733002
1427785.3235300363
1427785.2900244063
1427785.2606408088
1427785.2333508036
1427785.1125731259
1427784.9536646546
1427784.9070945522
1427784.9461952457
1427784.9821284045
1427785.0149802878
1427785.1419452627
1427785.1740766866
1427785.1518746384
1427785.149088832
1427785.1858336853
1427785.169447411
1427785.1478925033
1427785.144844224
1427785.1037288762
1427785.0784550265
1427784.991370293
1427784.8429419287
1427784.6956644496
1427784.6527544016
1427784.644586563
1427784.695481952
1427784.798479291
1427784.7746904956
1427784.802744649
1427784.825698697
1427784.8073953872
1427784.7482658452
1427784.731215614
1427784.6283960168
1427784.586780818
1427784.5647464357
1427784.5782803232
1427784.5592566428
1427784.5961468776
1427784.5819415755
1427784.624028294
1427784.673369293
1427784.6644704377
1427784.767168619
1427784.7702792934
1427784.7765300777
1427784.7789455142
1427784.852786518
1427784.8309632451
1427784.8094200497
1427784.74940662
1427784.760861371
1427784.6938464735
1427784.7186340152
1427784.7017705017
1427784.713702078
1427784.696406176
1427784.735723463
1427784.882700253
1427784.9927967507
1427784.9422633878
1427784.8895802263
1427784.8842511289
1427784.8311790377
1427784.743221943
1427784.6932131965
1427784.6110383174
1427784.5579760945
1427784.505607401
1427784.4549461275
1427784.361225938
1427784.3241821236
1427784.2948890957
1427784.2576903282
1427784.1955245626
1427784.1469789152
1427784.147732264
1427784.234201151
1427784.3961799068
1427784.4851259997
1427784.5903310585
1427784.6794661856
1427784.8226109843
1427784.9317090146
1427784.964239243
1427785.0419603635
1427785.0611020692
1427784.949010137
1427784.8895797788
1427784.790685551
1427784.8337520189
1427784.8591344974
1427784.8739202935
1427784.7886091908
1427784.692931836
1427784.7180619861
1427784.7744123565
1427784.876677215
1427785.0615519828
1427785.2475540892
1427785.2864203828
1427785.3262242172
1427785.3970371285
1427785.3752325198
1427785.3034834962
1427785.335337843
1427785.510291477
1427785.727698324
1427785.7978352916
1427785.8147981525
1427785.8663439674
1427785.799355252
1427785.6777895896
1427785.6632468742
1427785.6406732295
1427785.5614553685
1427785.4197072699
1427785.3896049892
1427785.4363839577
1427785.4545584577
1427785.5517013045
1427785.629142698
1427785.6764234651
1427785.6030888986
1427785.541579035
1427785.4638548195
1427785.4096410058
1427785.474083308
1427785.5436564952
1427785.6125384744
1427785.7657433888
1427785.8351445424
1427785.8606750972
1427785.76734799
1427785.7564546368
1427785.6377581246
1427785.54537797
1427785.538447622
1427785.5860479379
1427785.6531287748
1427785.6937870823
1427785.661827395
1427785.5602866195
1427785.3705335064
1427785.2996547064
1427785.3656714251
1427785.3880763266
1427785.3784266019
1427785.3691458488
1427785.3239097085
1427785.3473257862
1427785.3784403089
1427785.4771121654
1427785.6464866966
1427785.6347275192
1427785.5979833256
1427785.587676004
1427785.6376959018
1427785.6022753653
1427785.5800475832
1427785.5312532294
1427785.492694578
1427785.5854210956
1427785.695771924
1427785.83004025
1427785.9345276249
1427785.956174603
1427786.023639954
1427786.0050733967
1427785.9530734743
1427785.850605437
1427785.766910003
1427785.7490132796
1427785.7327699075
1427785.6848432801
1427785.6423795565
1427785.4856748034
1427785.4498167008
1427785.4430550039
1427785.4383478856
1427785.4527173357
1427785.4658797318
1427785.4273286185
1427785.399766281
1427785.456901076
1427785.466767316
1427785.3978257948
1427785.3633019975
1427785.3740125801
1427785.4100382724
1427785.4161498412
1427785.4112666522
1427785.5117882453
1427785.584252063
1427785.5162194828
1427785.4283453051
1427785.40362151
1427785.383988384
1427785.3695489555
1427785.3164474624
1427785.2307821193
1427785.2524301072
1427785.2551729176
1427785.262251385
1427785.1686550607
1427785.1907621769
1427785.2240202506
1427785.2046797392
1427785.221701604
1427785.124041469
1427785.0777746388
1427785.104243764
