11.826103867572423
11.918487145355105
12.040873205097864
12.131378790911509
12.099789448844852
12.127470619373337
12.184027943406488
12.221069105786032
12.291913406231986
12.340577570551769
12.420718584439777
12.44469603955786
12.470678794361191
12.550105309129304
12.619439900908962
12.626808501926302
12.771899841783602
12.989482437599294
13.017018658216648
13.022477799522564
12.989134525998832
13.027228702415272
13.20097023823725
13.389513586981687
13.52211789723513
13.616332841424162
13.686880505612253
13.729734448214163
13.8325095946217
13.832753146997135
13.802176932430301
13.834102007241318
13.870754660608432
13.942939689085982
14.013219169437484
14.01318757534069
14.128954072380985
14.0886116759935
14.076473102354413
14.078728528386527
13.989225358848717
13.929145176769584
14.002376724984263
14.185613130328965
14.278387288134773
14.306894213407812
14.262891629691232
14.279451912676835
14.30988937382214
14.346974592318753
14.359817059026224
14.335037283163429
14.415765330272377
14.368306698580549
14.452542678845376
14.555712779037592
14.665177886663388
14.74093621609136
14.765323317205455
14.731323071963878
14.649489998196636
14.588194981236608
14.518979234819435
14.551124076330515
14.564156316143597
14.503522965614314
14.547191895323706
14.62621389968978
14.562110254256726
14.429100834560431
14.380480069881074
14.407729299982648
14.477783389042786
14.4550044961969
14.485656745383249
14.541237381953318
14.55287976117531
14.486342973574423
14.408329020446219
14.329239359318166
14.375255728460969
14.347716771664151
14.28730854235034
14.253782265713426
14.222093733917088
14.255514182588353
14.360554304749057
14.485525141297568
14.541502765617535
14.471811117189784
14.526370965437343
14.48577165030207
14.429913652393106
14.352933981494296
14.241310654484288
14.226738509324639
14.246682365470907
14.245321593947649
14.30590846383661
14.377164974501397
14.376421244243913
14.43063406701208
14.483924161555539
14.456275397592217
14.34496168918258
14.210077382379891
14.172076397169523
14.208180144325585
14.089600563560133
14.058496475212861
14.05018021078018
14.067996937547852
14.06399477365788
14.156477722704501
14.233145215882526
14.182746473465404
14.092820874234603
13.994423698975966
13.943764338105554
13.947958185022005
13.999218026574958
14.023433071897752
13.971962872656457
13.995580574868534
14.182215392205322
14.270965789373554
14.16867743986095
14.074927242662238
13.995985487609008
13.923702792712227
13.835908891465916
13.800378222323477
13.615099251069712
13.60714392279132
13.542069253747837
13.58518826273891
13.70423696002096
13.766946651929324
13.695121810466214
13.61672969122295
13.636005385313558
13.712222596071172
13.772657074846215
13.789747563307087
13.741425998120322
13.648757407724942
13.734148184638695
13.839443654924693
13.942529087081743
13.986382606556598
13.961698462317273
14.006889401741857
13.989911724511453
13.90363250907636
13.829420948352801
13.824720671839268
13.853560332780688
13.949024169046158
13.922321216406628
13.965713804899409
14.070794318185186
14.049346231727855
14.064907398910908
14.081456345568263
14.152651317673422
14.286265495011536
14.236457818798417
14.13735521599531
14.067179678451023
13.884483878170125
13.865388149857685
13.931218655186065
13.951751734295105
14.022126863607289
14.138124876951915
14.258325937948314
14.21710729522233
14.21876574334692
14.203661687181754
14.190824500411626
14.279644147912174
14.2794907022431
14.266623603499594
14.19009515023247
14.080209680521724
14.059844080672164
14.068960007033867
14.015462442915664
14.070577170533998
13.979266696026281
13.957589155803865
13.963656000892358
13.83000604223194
13.784761462522088
13.806683621011118
13.82184151490568
13.89759765628774
13.932087522734411
13.955422332941547
13.960726568034447
13.99178809674171
13.979541499366626
13.916322800176923
13.841355989446122
13.747877996108059
13.799971963592515
13.822820574786672
13.854426942239355
13.894631110414933
13.896753954936013
13.95409934517694
14.052364328986153
14.124054775859161
14.061587489941658
14.068476804379472
14.109255749320216
14.04290575574938
13.917764052813544
13.897117237064359
13.963302824898904
13.864720488751226
13.758774394090487
13.743326468892871
13.856295462300173
13.973333834452191
14.005091962643776
13.873334205267728
13.841545000515646
13.803093668944527
13.695883530638191
13.486334834000422
13.321205977850955
13.352060713978839
13.39978697455805
13.359281868380544
13.300166263988507
13.301031216553922
13.269875998180606
13.30005379217009
13.231601570465843
13.127590221954456
13.182859313436676
13.219940071590184
13.244239066360194
13.337184698190846
13.356854264936533
13.39581748974923
13.454277142298276
13.430417112459672
13.452071466006785
13.594798041263184
13.777701232356309
14.005764870834994
14.156335605087502
14.164810634638481
14.126933908742036
14.15148443709362
14.270808432129089
14.25889776231657
14.272475248618367
14.350420476420785
14.412590214940389
14.424047255508395
14.431037826433354
14.514639209261341
14.568149661603154
14.517828945378698
14.492548936206624
14.466228043746296
14.494685412369872
14.593642959269413
14.642686724009108
14.694389156466523
14.795698812042037
14.719825450189497
14.699059268852553
14.728357456110267
14.58609949036432
14.478356278029986
14.403234723578157
14.400963652688558
14.400469227484331
14.307429563017557
14.145007062672946
14.066372989682792
14.023958570700092
14.018328213050467
14.08245210035915
14.020189817737196
13.973670212691843
13.886942866018874
13.87034234110272
13.871449290334612
13.864882740506728
13.874715134705053
13.932039091972873
13.997682384993656
14.09812799261692
14.148373662901868
14.063717612592603
14.033196869732365
13.959308702471658
13.945395171109341
13.856938709821932
13.81988787035343
13.756177442132099
13.716009874290688
13.781127997966022
13.896732125699268
13.993038818399233
13.998705913106932
13.94478217102408
13.87119288352593
13.816963624777673
13.663335215952264
13.5903946410538
13.62393064571995
13.641857471703524
13.657564422027118
13.658873584159661
13.600803202874234
13.595889343240417
13.732491245506704
13.848776972794926
13.763489201161873
13.713236104627462
13.631935650459361
13.451849245225247
13.27622746344611
13.121807556220643
13.204028535281642
13.30702683685811
13.383424178141556
13.480608897388667
13.557634678319646
13.594085864434966
13.730755184685334
13.842797918206744
13.922536297470204
14.024629795201909
14.049659476919583
14.031965779597117
14.02860226918359
14.089214605010794
14.061984862536365
14.015420690818088
13.95373601181837
13.983757289018902
13.975689555138542
14.022517781247878
14.139420828909433
14.170490382183806
14.02730790500617
13.926093959207247
13.973562268487271
14.0147646009668
13.99425298323445
14.01646036191255
13.881867251421241
13.857473588050903
13.880715658292454
13.861297142321506
13.855735549925717
13.951211384414295
14.062997514201689
14.112460899718036
14.057538837765295
13.915027401488292
13.808695283280295
13.616953612235003
13.527362782389217
13.50848472756128
13.547300291427756
13.461959122832427
13.440998639121164
13.431476279864127
13.352027731277524
13.298795525057848
13.347685369268927
13.378518428225577
13.327956495902546
13.365825543064904
13.354804848205102
13.414025613752152
13.474065025123336
13.430452616544052
13.428654185857678
13.469712324377765
13.447084610958047
13.427352272832856
13.379180873119047
13.347353553407093
13.305890251741952
13.369122276865475
13.362847557490117
13.383228609414953
13.356213150543967
13.172049915686769
13.092782224666069
13.189203412225005
13.234892050548668
13.255111358256924
13.325276756954777
13.286370688033227
13.36005235891573
13.399258928846022
13.41951804236146
13.427737022458517
13.388136915046205
13.472490841382621
13.548612289661552
13.454377052753166
13.460977709560515
13.513394698200985
13.530324500744644
13.492028114981542
13.436880177513082
13.395005522581416
13.361235735611123
13.392128684449432
13.400762002045669
13.468388850769657
13.5189064904014
13.545479325370929
13.643585286995872
13.71663221589296
13.723574069843286
13.721831204896013
13.750742196946074
13.769531295818533
13.76344478522877
13.707151112484864
13.636313576021172
13.668633094644875
13.693678933939792
13.778950687234767
13.853181239067803
13.82425878146439
13.744553387637218
13.632860050441925
13.543721587851014
13.55001771527361
13.61858652466429
13.725857142919251
13.69940749960992
13.6745285051445
13.666093952660551
13.734808165815128
13.730734247435509
13.696142501038986
13.649323796599564
13.591676110091644
13.561075049412386
13.508687439348448
13.416687717448895
13.410332103379853
13.46814580142952
13.431078668748064
13.360405182672155
13.342531670255758
13.357656832864114
13.313552855091263
13.328053367271963
13.43034187468629
13.53068796724475
13.528465631837372
13.50901596924815
13.472244639787878
13.634158261670619
13.536491771122552
13.508287066259271
13.51711205166713
13.482104988364517
13.513331539659639
13.616690585289732
13.686096809763821
13.75881899359803
13.880718368760965
13.88845687055736
13.854400209425002
13.801959279057396
13.644482020465912
13.664400439653312
13.682360535097624
13.66354816640386
13.77220425775043
13.78172776004485
13.746886097273622
13.776625495709144
13.733047205796291
13.706063544433958
13.688490090746171
13.70083164463285
13.638475211543742
13.610446643373507
13.574085305512144
13.592599783023527
13.635399147869684
13.694132428280867
13.732869928357799
13.845589917204535
13.859284624687932
13.840767023139964
13.752332816601939
13.689552103956183
13.660454437711957
13.678983600843415
13.775592648745347
13.75240321017704
13.709963189032134
13.722045434399165
13.811567090009438
13.849715070526123
13.82814864173568
13.82638787624317
13.886453976420476
13.912939541434072
13.908385125300223
13.895019590593698
13.890363560566998
13.880481696060926
13.778876229608471
13.694558817443284
13.719734399825892
13.701721039620022
13.654770645720172
13.660871437962221
13.621306007093763
13.755428949999361
13.843346680836918
13.908287924629992
13.989060709857824
13.94082802541754
13.841653455688528
13.721313630889693
13.648555864202239
13.609389403681094
13.628938987441192
13.78864255515979
13.83285910652776
13.740045879169697
13.794192600557217
13.793394625948212
13.798091167069474
13.888182573175804
14.042938640645627
14.107543188836058
14.041625763407454
13.942249833402336
13.824635675449553
13.7177867419594
13.6354980385894
13.495145099791658
13.37283450972375
13.311645330607249
13.363319956157984
13.349281776306283
13.397491384708948
13.34365006558239
13.337408291532926
13.471137327145586
13.552321890495781
13.63262822037401
13.587453371305301
13.592027632944069
13.442938129310052
13.347411749226776
13.291657784250187
13.345330996221508
13.48727993047184
13.594488038040783
13.734640035248944
13.806619990385094
13.847181197021015
14.024966663791217
14.043257080439593
13.954180327986402
13.876022960041356
13.731032852062679
13.682901345432185
13.711977134566782
13.793334649540457
13.863379539814485
13.81461167926598
13.771507093111854
13.757014292029156
13.79167162849149
13.881445616653258
13.973535588710845
14.004589258939882
14.005433182458669
14.039599455808407
14.071861146126983
14.076372985421548
14.134129049058451
14.040379366899636
13.90863537640326
13.760799508921373
13.699005635050389
13.69196363802454
13.632091601455848
13.547491408255318
13.504917333477417
13.478565955203148
13.463442123846349
13.34172792471529
13.270539734394292
13.269838329576082
13.37920250744732
13.4138987445636
13.439060478059991
13.452915112043787
13.497096972408556
13.506231117709996
13.538655254716597
13.614187909023732
13.63136642644684
13.697474688560051
13.736424695471229
13.772578020882982
13.886461038818169
13.97795156819738
14.000431945360802
14.06240327395216
14.10225439406405
14.13198735475969
14.027933701705726
13.991153646163948
14.031129472983684
14.097819131726121
14.153453496523278
14.106750009328048
14.163308874881992
14.1001335938637
14.014682550847413
13.960683176246528
13.992815929799725
14.043206035999663
14.10963412710368
14.149802652037092
14.209686850552727
14.32220938461801
14.395251267632563
14.412802718230076
14.40751259526665
14.418645559536394
14.452262372291017
14.434087940001236
14.361910089808184
14.311225670364113
14.342847368860715
14.251902330243713
14.281011140920272
14.435270034630115
14.51104287112292
14.537517056363429
14.576853626092415
14.601078323558765
14.630432617084708
14.563915209188254
14.659474813552698
14.717045284540317
14.754267067947817
14.819063577394179
14.844196556277273
14.840631270491267
14.861793039795186
14.772651099137953
14.795961087031197
14.756020542486143
14.629166093668124
14.52239782102641
14.41645074715165
14.310563549136127
14.295819383506657
14.274173185360823
14.314223597726976
14.324864133345056
14.467636873112546
14.553736966380127
14.50304957484734
14.32694332659173
14.264847523693133
14.291715353215052
14.267498260901144
14.185294483953093
14.10711652766642
14.051876455947307
14.050180708839662
14.058230961950175
14.01619209584469
14.073908311718586
14.159287995418591
14.173545659925447
14.160543171134886
14.158761155964601
14.144804226401863
14.107174272986855
14.15779990439294
14.111995304880386
14.087722605232607
14.198722816333817
14.34617008435935
14.45332601309193
14.446862276229908
14.515258369810281
14.676074530129673
14.665188155303218
14.660121266258217
14.67806687556819
14.715521550643684
14.803691524868624
14.90285409008541
14.86190813553257
14.834417277007221
14.800089899922874
14.70714431785471
14.771505424758805
14.796358994077332
14.796561698386872
14.766913331805062
14.790370611352309
14.792150981730071
14.800532922851817
14.912819440683412
14.921037514485082
14.91350940699092
14.78684203053487
14.763523774602714
14.815190593407879
14.829692890849026
14.784373524535104
14.75532521876722
14.693053574965754
14.653359208130912
14.524644539719336
14.483621170435447
14.398768227773012
14.367979353394224
14.358742503029456
14.29896468974173
14.200756543199832
14.10869528423551
14.043441167837756
14.05160822434802
14.10479157777188
14.064666929597172
13.942570159214629
13.923627867528802
13.763473086872073
13.70509424875293
13.858092556330288
14.027098583031025
14.051890786124615
14.110463912443349
14.142320347739737
14.226387438211036
14.254019235586364
14.29888901418309
14.354072064024614
14.378222969371944
14.408205861457331
14.453384777734552
14.529959328498428
14.454366526227576
14.33912165094535
14.351107917209621
14.401777324651576
14.380264762792097
14.401551095312376
14.476398124571734
14.550894801242181
14.542845871876471
14.396079206101335
14.518676038779736
14.705696561053204
14.869170263921891
14.893889863207379
14.877334732500408
14.774198391610494
14.719747749219005
14.597514429320034
14.569981494190074
14.56491531694965
14.637134201605097
14.634082330384029
14.603939372344138
14.490843876394194
14.475914540520698
14.516345801287843
14.44690519181456
14.38141459617721
14.375165956451449
14.405414485922858
14.358552403482987
14.289474260342391
14.390584606107558
14.53692855552469
14.517348346445086
14.3831745248177
14.364409959181952
14.315685762177678
14.28440522190293
14.181708812527733
14.222647569909567
14.34797602311298
14.554703354915025
14.65011507681322
14.576323335761153
14.482711710002004
14.35345045305792
14.37926728547411
14.35194372990142
14.339389227539902
14.35303765107575
14.313538385600134
14.28284588073523
14.230847781075974
14.213527899161853
14.14819248722974
14.042371717482554
13.99397301461545
13.948702936591848
13.943402202917866
13.883437923311908
13.816860998742303
13.856346486743684
13.906453798192992
13.890301016527633
13.847243056134785
13.777284390279902
13.651012471846043
13.570983260389584
13.566747600771642
13.535055437541327
13.53740904626568
13.472084803920476
13.502727035961675
13.590782901177974
13.647875958893453
13.708979674169193
13.817071927345262
13.841302259189398
13.890160268367689
13.899215487237985
13.968420431124215
13.972767439399044
13.961598835422757
13.873838668692967
13.83603381253359
13.937943908692162
14.042939494454576
14.07149778620408
13.936488786418472
13.90711092096754
14.060005638155403
14.091273449385415
13.980319410021817
13.880644732128113
13.841072678980074
13.87745678604312
13.9219127028239
13.917787553669205
13.916607895217169
13.891410673644707
13.846491920058403
13.786363380956786
13.838895848195152
13.883020001051548
13.8081393104761
13.811100963748782
13.860964254775553
13.900606642376966
13.957045745595895
13.81944276044973
13.715517664444866
13.716100217356189
13.705049997262387
13.705929137334229
13.727732799549416
13.71301914181196
13.641495545089526
13.5993122547502
13.551454019395479
13.568838688388688
13.697942176932123
13.778866266071642
13.744879470276745
13.850513208270105
13.782017961544248
13.682879724361479
13.701396810989822
13.794163231309296
13.859022562911361
13.881588079092674
13.930473810011367
13.94335397522449
13.92840989368708
13.96629510485995
13.934385229788807
13.823738292915861
13.74806854452798
13.711394702360398
13.61032090281298
13.608686147577227
13.699240837311747
13.832048580792666
13.90785301461685
13.84781004086216
13.80841304771759
13.715624768070153
13.690582927948041
13.781400394466115
13.794130233927701
13.724608695949213
13.78471781788379
13.75868674159407
13.80871405414892
13.884874909380594
13.882311401869975
13.942032050746734
13.948768832096814
13.907254374161605
13.914325931729925
13.88698065071232
13.944530687840272
14.09715383483072
14.200891855256918
14.302126412751921
14.351321066409083
14.377427435193162
14.305547807487358
14.167311098197427
14.204961921692918
14.386325029841789
14.442339533393422
14.344711884712495
14.260146013017158
14.229568317173007
14.319721423776077
14.336673033882951
14.370665347029577
14.332662344720497
14.278734989541338
14.265223386549692
14.339128115183696
14.524573183062403
14.626808069524264
14.653186566762061
14.666098935337663
14.67098820337921
14.770139482842014
14.832615906954334
14.886912475831746
14.864112049705795
14.872905831878013
14.835488730696984
14.886467640682998
14.848761218289896
14.779367522858363
14.657579253030711
14.569804339544747
14.560468038276994
14.570427599668044
14.480174472943535
14.524062146971845
14.550113297720978
14.498539258214814
14.416358739130068
14.397821695993567
14.4614672641838
14.50468482377368
14.570692899012979
14.589182163945676
14.640642127395761
14.585935655424668
14.555891453332023
14.536511797286868
14.485440454517287
14.415693835932593
14.311513455930692
14.14936740874949
13.990576355215213
13.970364142098205
14.09405766625574
14.134258534514743
14.165039203667936
14.268722173551938
14.313624770485585
14.359894575003919
14.397103107891105
14.378867234101362
14.246062926199913
14.127351069789018
14.1199440726747
14.138355030911033
14.160954168473001
14.107340285409412
14.12363966458273
14.10070209907604
14.02085488678582
13.94231166246302
13.910604602010348
13.951708990580372
14.12654530297284
14.219033153591614
14.310309152220967
14.423215512690492
14.44850577100892
14.42035938115614
14.501826936409675
14.505680109245374
14.411116446368874
14.455622611730965
14.472859337084035
14.447622509030987
14.346029421700067
14.239859379828948
14.234044989294903
14.24137516300949
14.259255278440758
14.235264665025579
14.237751506349477
14.183566347094825
14.21728882230178
14.26476672924468
14.18049306074874
14.218987417369672
14.304416133835323
14.286537065582024
14.166416636955077
14.094122454224811
14.08790460568342
14.031286435561324
14.039863405583601
14.122045559686901
14.204992315825129
14.256538963097462
14.230144472617912
14.254952410622844
14.189065593351167
14.104316938823562
13.96890969687921
13.94548037608379
13.980243413611072
14.09037327366703
14.230581924324994
14.287989908828317
14.337199864057332
14.410640589954053
14.508410327455898
14.495691687787012
14.336030943231068
14.208699305436344
14.066468971564564
14.088312036338008
14.059918928280004
14.082745232209735
14.047446366135292
14.128866573551425
14.141171896773344
14.180975570152494
14.217344205367235
14.299032040225901
14.319444730107794
14.281074776684205
14.157665424467988
14.063052732943955
14.107615026245732
14.131882926447725
14.162106944955683
14.15183525262288
14.082152009811109
14.074809880617751
14.106656204423736
14.125988483008106
14.146427176081902
14.278834669905217
14.301898446170462
14.292104628954778
14.225475805916133
14.216788438453564
14.328404854457425
14.283998741000815
14.342295132450714
14.471059392438686
14.515625842324956
14.563020364649395
14.520390549206576
14.573756239915772
14.573542679455969
14.610501950363938
14.49987435081528
14.377632601663981
14.276886135228578
14.280759457123155
14.29387335019669
14.26733062180526
14.238384485900978
14.187744972745833
14.244015774361284
14.294974057423097
14.293171908338179
14.280822557002702
14.284755023375231
14.253736304451847
14.20908369900061
14.085908834287602
13.94884170365785
13.840460288068199
13.836109886711446
13.83791269386742
13.908078069318478
13.870966705169021
13.83617935919984
13.827129375962196
13.846967391393608
13.967862054013793
14.029002520122697
14.115212638976153
14.12353554931672
14.142011327076993
14.168055211457856
14.108846761310756
14.16830252512936
14.199351650064022
14.062958267742598
14.0114313972146
14.126927165529406
14.20028812658466
14.262292066936206
14.31474753458322
14.29601287548875
14.245703106838455
14.2137297375472
14.259387511576467
14.268724980825088
14.192532992445951
14.06578774048004
13.958787468951478
13.993967186816695
14.012032664503575
13.870120634239637
13.798112978224548
13.74739455596669
13.863531067722306
13.945768002362355
13.99487361248901
14.179790474528957
14.271488923158584
14.236230689846403
14.25959859000952
14.21861228659607
14.226755195910942
14.25755663646964
14.205807852073622
14.095254805551289
14.223507602348576
14.24106024435764
14.206514450848424
14.314903996914929
14.243335458707811
14.248535461704497
14.342495291994119
14.407130081137632
14.216977743913857
14.183471877628453
14.19902836247901
14.180455482763028
14.052106333518669
13.979716225511584
14.016386967833702
13.973652894645621
14.083822567573261
14.176659844232507
14.29597860361766
14.43266954672648
14.52145367406643
14.525201154827835
14.542869649013943
14.635764408584198
14.66836170239012
14.749409903735003
14.750160233457322
14.71243691459386
14.67297318591877
14.665780441163392
14.601554701692786
14.48560873711446
14.35676481589587
14.19776789603753
14.187882918534967
14.23558171846216
14.319482300594592
14.307413666584196
14.321543336148915
14.372811518940097
14.484783754421311
14.428586967964765
14.327343849913383
14.189958117779723
14.072598625844956
14.045217880244213
14.096179611513055
14.106956359775888
14.124617306921998
14.200798272253966
14.243569601222847
14.216541696269289
14.146044566792176
14.106097331981577
14.079753607453691
14.159122180998184
14.168054390269452
14.266701277521816
14.295744548946299
14.374039353778885
14.478800576007822
14.546102689847395
14.667847621085736
14.710730640455244
14.662919433617775
14.614322534224412
14.683405109674036
14.801583588746492
14.8819574713471
14.948065863202268
14.925263080182972
14.835617611485906
14.649136574314674
14.520089007795962
14.509559452487984
14.447719675706237
14.504694281901955
14.577342153184302
14.55808060421425
14.558145079917496
14.569767430501194
14.626112902493475
14.681370626034102
14.761191784107831
14.724271033543285
14.657629054605707
14.729939667341068
14.7623037598448
14.728030122461313
14.713466617395957
14.625993160470005
14.625160662931004
14.598524637151574
14.570631371016624
14.593063312163297
14.56115804597545
14.562901883235972
14.655020522171078
14.707493006526457
14.680083409614587
14.659280594739442
14.594184576260083
14.573071657368265
14.59694620894651
14.573195029573723
14.491592335033548
14.441252274617431
14.313584799969718
14.229945060989362
14.161625278489101
14.212328606789864
14.229687303866438
14.207337057125692
14.346376265466045
14.406144883086764
14.492537643515469
14.578592142109835
14.668015158554288
14.62070306904974
14.575856576380597
14.451771049340644
14.40567211700865
14.33476936705544
14.26863058690074
14.147790552299178
14.165889170002476
14.24300228794182
14.193452465992925
14.221781163020994
14.210282096957098
14.187316248588353
14.189654072492926
14.059836184577838
14.024901818759774
14.044431305088331
13.945115788118965
13.855366970886577
13.89805957926297
13.882722223184047
13.857215304838409
13.898519313206874
13.954774291279323
13.949069062667563
13.953336057447746
14.002112821769925
14.048997485553535
14.03365522815652
13.984143406999056
13.98261719627011
13.940284181106835
13.980239429964513
13.96115447686735
13.877922988835346
13.780498729422614
13.737423850404877
13.685738397530887
13.619809873486556
13.620102426338043
13.594640859496446
13.604222056718116
13.614944491543351
13.555484419945431
13.470162892640895
13.343897145176813
13.227078870648215
13.317340508856866
13.339101992040185
13.331876530742095
13.276579908067019
13.193422208063282
13.09222095415693
12.981188663304495
12.96354861264963
12.991434112470607
13.086455793098787
13.16606125716889
13.230374463084006
13.190494768405285
13.26106872109192
13.348454868953676
13.366147116339171
13.452535685803843
13.51242892686938
13.526251453147811
13.4859068794283
13.447121676560316
13.540458298311895
13.663444910353972
13.833016299093945
13.9209771020671
14.027477823200595
14.20017495135879
14.31216661209505
14.234987488827608
14.203906421019852
14.277490255251433
14.250809445379959
14.208805087165953
14.108951383426973
14.042412131302878
14.02252555114243
14.094972574347866
14.163416833908391
14.201972213730079
14.25200688841047
14.286214451727767
14.364951520017836
14.419438727467595
14.383916163792984
14.387447795658812
14.382042883139732
14.366964775846393
14.288816409547616
14.246745080902741
14.22190394580117
14.272456010579697
14.318196271044751
14.35662523588116
14.4573758405391
14.533089930892045
14.515387073921543
14.584199410866251
14.605922419725879
14.583645095750562
14.663036653645392
14.677510958255871
14.6470814802577
14.59292577104346
14.455601683182474
14.308365187336943
14.184855061718075
14.035207399357335
13.99338344673777
13.946246427919293
14.0383092018103
14.015388147115024
13.992001688725852
13.987478551429396
14.075527090929405
14.090726298109304
14.123301178390808
14.103656287444759
14.109649490897581
14.150529654435179
14.211470744431468
14.237472178344456
14.18906194942702
14.08860540075913
14.114030748882485
14.162693674497582
14.054194541048025
14.032413046912177
14.041489070253911
14.063296662480722
14.0996006922922
14.046106139482388
14.078297402783262
14.062448425710945
14.040480714204453
14.137881296158243
14.155653242347414
14.110403849023623
14.00868843132054
13.801668753758262
13.784062883554382
13.854844996348643
13.917399666629459
13.947313057859075
13.944535849928736
13.905687080343313
13.951464312532089
14.067678780287986
14.144558443762707
14.18748687547524
14.248449185407413
14.197411795064497
14.09086661436863
14.034410266316524
13.99482724831101
14.030324431029396
14.055159726660941
14.053185303632171
14.016522044733193
13.9615438544923
13.946856537073112
13.92192919610606
13.997166949289895
14.073034423959719
14.226042119389726
14.26796115085848
14.264310770513498
14.305491336870666
14.218342434325562
14.162709003847933
14.217679647814847
14.217247978222066
14.3333256910537
14.391661156467297
14.315618745723112
14.209823522713533
14.15067616558218
14.130126798500335
14.164651932027104
14.205979608732092
14.201137214489894
14.211703647544542
14.286407655713047
14.393315118622217
14.382675650668814
14.337244144023748
14.299183811527037
14.366621246222119
14.412108978063532
14.472157420127822
14.62449915127581
14.685387827561446
14.786037629423449
14.81244196670224
14.767966722850755
14.724072936984763
14.721140932063385
14.751980486648666
14.76482855944635
14.701593865525115
14.60732319633521
14.601178651844156
14.684357709803914
14.724278683427809
14.777336636318914
14.782908745131198
14.757336701796595
14.725742066571444
14.602816403303361
14.521882651531403
14.34025948234992
14.268576224387171
14.207114383166614
14.256707931909206
14.291935315484478
14.275298430154685
14.369270199112878
14.355827131597177
14.30242243679113
14.350032766972847
14.380023740654826
14.396535938009166
14.416243485466778
14.417115961872863
14.48054222728489
14.382549703047582
14.365817292359155
14.340567741421689
14.303593553648236
14.365786755385255
14.480770710570896
14.535378557352397
14.507044698196722
14.502294880137539
14.490270463111168
14.466696942002827
14.429408955706704
14.445196909270114
14.5120772077356
14.515514270598308
14.474618945699685
14.486262540523276
14.533452323776057
14.659063061749805
14.723977027654508
14.687917579561825
14.667734780958485
14.57593211040811
14.59633837424602
14.602864489542362
14.567183039815234
14.619647245106377
14.632463610448863
14.656187031739822
14.566402506652338
14.468648409793293
14.351627685655284
14.262706363688157
14.228257720182768
14.148695856651642
14.229621049101063
14.42858545103531
14.414051238782172
14.310477520184818
14.223331335954958
14.201024715292302
14.094936098960307
14.081679969025892
14.07674742005724
14.219478845356031
14.339480219454773
14.423669361531593
14.521146783885031
14.616186697281986
14.526332276662583
14.421251211051977
14.3882242648323
14.38012600874236
14.391113699468239
14.408060576997471
14.3798599134158
14.475114082298461
14.41334826970549
14.28529775513619
14.281725061003357
14.25856717350405
14.187416775840312
14.151086781927606
14.0511748523748
14.076886095306994
13.995728613301093
13.947282430412988
13.957108306906438
13.94168334550255
13.960129152281263
13.972400329123463
13.893123063583857
13.836166985629106
13.816740852720617
13.696792500465632
13.632523320645927
13.65951130894654
13.716530416239516
13.845297213434725
13.973058139076665
14.0326242060385
13.94617788234733
13.961803811791793
14.03924342939192
14.154000249181232
14.225042976206014
14.185912216715751
13.989667889542092
13.888044736677324
13.869149549763259
13.875160801782165
13.863430737004663
13.794418068619208
13.88665046478763
14.076771192791089
14.187133047996117
14.119553585886928
14.18542493605906
14.265994740200863
14.293160319099789
14.316999847880696
14.360521961622588
14.35876949646964
14.227555549142963
14.080431208768738
13.989857718966325
13.863607804943063
13.922056639805653
14.087751711009943
14.147260449625382
14.186733182089075
14.120131959017236
14.027949297182209
14.053011079151004
13.981710528602337
13.90073316374209
13.83605523636506
13.83960449690323
13.888177672542309
13.87803396288074
13.917191699941446
13.987840831697804
14.043687432538812
14.01486082189983
14.08637797331499
14.123321439426194
14.037359939956215
13.99017188795645
14.01838155698056
14.021815767113727
14.042269781536623
14.019837109197189
13.938132107673583
13.975622707587787
13.953901677839642
14.051066965376114
14.038314310478995
14.028446084303196
14.026408715610993
14.130799161623608
14.145200187898652
14.051833188330328
13.975290205334765
13.950311116560096
13.943282465882556
13.945389309478992
13.962596882465137
13.916670834334093
13.93251157122424
13.992134758681736
14.054337278196192
13.98083784681129
13.927120970879075
13.932892257175366
13.86959955295584
13.686165407327442
13.639638282722087
13.568311770285165
13.51784962012062
13.491481683779762
13.52442873774597
13.508991059796745
13.424907915528165
13.341474808354578
13.348860593708382
13.33213148847377
13.43129880872166
13.445423962457214
13.403064074629631
13.42106963083275
13.523554575288541
13.52235953973069
13.490438647161385
13.413039723600996
13.394883606881395
13.413161849372804
13.425733376311962
13.509929158751858
13.530040792458857
13.517291420462174
13.69250368781526
13.838030921226638
13.894112182746046
14.006214087565242
14.089695504543661
14.155595480693774
14.100467510178012
14.127385591583568
14.094846449899407
14.140835978653314
14.022492315399468
13.949406025558133
13.86416753090647
13.856278734757725
13.784138623447065
13.748043736726048
13.770957103368971
13.677844147292786
13.656705802272937
13.745754492315651
13.89083628502284
13.935665863996277
13.876820952964344
13.841251539337236
13.777728384929718
13.67824770823472
13.636150496804941
13.628261832116634
13.603310201622994
13.5878813352902
13.602559553383555
13.567863824941266
13.544602756982782
13.583122697138812
13.523491069306553
13.521497162416841
13.558881719451884
13.743591092782276
13.871319761305957
13.880412661190679
13.899624830159496
13.934125639030592
13.973959842586842
13.972418995919437
14.091819484812133
14.19056749197636
14.119963159548197
14.020363758846702
14.048261971537045
14.105970861787519
14.225853762914623
14.191964044351865
14.205084625403302
14.157429637463359
14.068417147239266
13.990237180934988
14.002358233247405
13.915297590489526
13.892090176235588
13.84549469054397
13.849226529621951
13.789025134936264
13.803540615817221
13.89907940940071
13.966659055767856
14.057071418861602
14.091102042047995
14.080351363404134
14.045756544756973
14.053411329563819
14.028995226823037
14.068993994051018
14.15381936172704
14.153335268191652
13.977916093483786
13.907911900950861
13.989154785685034
14.047594284822082
14.037979027483773
13.980321935710172
13.924754453876847
13.956207183760876
13.986875448727895
14.020519479331186
14.02125104580063
14.092717293720145
14.105227701813632
14.018649842566152
13.944502359821549
13.873308963950386
13.820398310663665
13.793386171942622
13.77263509510923
13.781427304460372
13.813972836221588
13.891380418827168
13.766268260735433
13.594281310210182
13.653937767433568
13.70628827257584
13.681886672800182
13.780841997380024
13.845126251985707
13.879092900560469
13.863698587700798
13.801031467431512
13.708665104242803
13.677295024170757
13.562611083703914
13.57495940311575
13.6073017947071
13.627944400402118
13.70548544410772
13.711909593271526
13.723124476710913
13.657070429004051
13.519538943760818
13.541191634680084
13.499997804181236
13.473044887643505
13.485205304718459
13.571787275542107
13.594745596704145
13.617249514871459
13.662616004746893
13.78477628560324
13.802806522006628
13.747543478073371
13.747333095491848
13.793606960835714
13.82136952021368
13.925493140794789
14.041354764817124
14.100262734632949
14.107656829294152
14.107764441947351
14.099182067366971
14.196682922061154
14.203085519505045
14.168865654785753
14.257583990569072
14.269810985792123
14.187536135686361
14.209697407133925
14.293668514164818
14.27308271542459
14.271505489467849
14.24019087298454
14.136267812978609
14.010148540242165
14.02083152349985
14.152977087522741
14.117815116439125
14.058615638379395
13.997752257115009
14.04877908540201
14.115189189451568
14.082737250294944
14.110233818814107
14.207617654305466
14.253980506172326
14.293167086458128
14.3670420379984
14.395815894517229
14.387975479105155
14.41110014945259
14.434059020283454
14.428009852671451
14.490652012178689
14.577665924153605
14.687472755677431
14.687175985434724
14.737727310743367
14.635314320550624
14.522012137778816
14.60938643484467
14.689078058079067
14.685615360891036
14.636300830993404
14.514307714982927
14.480520527190997
14.425707901019756
14.417993062962736
14.47056314726879
14.49679908556849
14.48953589330444
14.387577625542084
14.403520285241557
14.377470129051638
14.24504972727136
14.046530577020064
13.993100981352608
13.829404014536596
13.757002285475252
13.775938867015272
13.813507990121154
13.893589657370095
13.967649605002052
14.093844739406965
14.21354536902123
14.232621063983977
14.250677451204943
14.231976198995199
14.186866342635208
14.216544385620757
14.181010467341359
14.130287907100683
14.047206491900283
13.977007753792117
13.95914856354058
14.045457416135054
14.07024524165241
14.0433452685012
13.866786084559056
13.826944921888193
13.850458127111867
13.81197894906435
13.796530657970749
13.666754861514667
13.65560952787844
13.669603712433112
13.591887262744883
13.575570268679284
13.62928871974852
13.62873409002344
13.561477372899823
13.635276273895002
13.6855816174247
13.758427009752797
13.82514435583555
13.904384549327567
13.994777058821416
14.120498385213288
14.104481421313414
13.958613957874443
13.830988326342684
13.769596560626677
13.794767783580165
13.764554350385735
13.794174444283442
13.828216977985718
13.784444186087951
13.621371543405301
13.505599423538333
13.298672252402179
13.209386805308963
13.283325410058483
13.381713614386431
13.509037693440959
13.684629542794857
13.867674843554283
14.020443118026323
13.992357763626098
13.979004045257557
14.007935731714031
14.011613287054962
14.063328707922391
14.09602003774247
14.065856592097282
14.073450230647998
14.204815731305219
14.325897180860117
14.462540781523192
14.561940089523334
14.615693291138598
14.448557777443478
14.35964420007036
14.424947184619237
14.557995418350353
14.529732820930764
14.456756644105612
14.376948384001354
14.334647809359597
14.490290701549384
14.551083416903753
14.533916263754097
14.478176026337186
14.475696364404266
14.447386056181056
14.402410427315447
14.365361587390007
14.298375315277156
14.257267137195523
14.20162103701993
14.094763459108945
14.001402625140862
13.837266831188934
13.675128116701199
13.610829121834865
13.600196997335525
13.667587121471275
13.705768643153435
13.744451037825327
13.870936680690837
14.050597386872749
14.15867333118317
14.25609856109527
14.200709747836937
14.097455582370376
14.107334864080643
14.137576792681504
14.211430995221374
14.185635444096663
14.251158059889779
14.354146604223805
14.464549619656156
14.548561663167156
14.568656048173175
14.46818089324931
14.463280689454846
14.484807959322188
14.372381338138016
14.352436622097876
14.435481324180042
14.664428685409396
14.740458824464902
14.764772080988969
14.723441339396496
14.594908041349669
14.523777488983326
14.547451013656763
14.661447274918757
14.694946582816625
14.76934259967961
14.816225216307563
14.736216544963074
14.69269093092645
14.651814658855754
14.668114380070786
14.574922692831077
14.402045854646028
14.294889350916264
14.126001337462968
14.103517599689935
14.288393601821815
14.462590001793094
14.519631531270106
14.492319942817318
14.592992137843572
14.580570953336572
14.47614350208274
14.406571855561268
14.342613972631371
14.27995561503541
14.235623083240544
14.279033915476877
14.381091876186602
14.50129923332686
14.516625512892231
14.56577087566898
14.431010648474667
14.258007280115011
14.158314994211551
14.164250585596482
14.109358756793158
14.070785325552265
14.030003939128383
14.141853259223378
14.182834577517609
14.142647940171384
14.091746054085096
14.024530128566989
13.99323387924701
13.919163398213014
13.887240457316969
13.911346031509693
14.021295969612511
14.092271693834581
14.138249296335363
14.117078713046167
14.097924522368022
14.099948831671878
14.062055044855416
14.025548456967051
14.03879933718792
13.936257141691883
13.875126200213636
13.939849802105218
14.026352385187932
13.993649640365435
13.93792490138891
13.928921483980961
14.03358788406225
13.973722432020725
13.960651017674508
13.921194969377332
13.943667289062393
13.988974493265042
13.964192694927695
13.931158424300193
14.007385738734126
14.013231118124652
14.095858475709546
14.092233631189924
14.083122800892344
14.134055056082282
14.058356432268656
14.049993863508622
14.179764421889502
14.285239068437551
14.307638765061405
14.305793608342292
14.257710583082005
14.289695949177862
14.32960886704419
14.429272372768065
14.481129395575302
14.479394950057905
14.519868021265326
14.617211950443908
14.644520024579544
14.554967862551214
14.413840784301138
14.187420123286929
14.119466755068512
14.111861434744478
14.071466312660656
13.960067049664076
13.998922254094563
14.059907255472668
14.02572162627752
14.031965169225662
14.02505166581827
14.006772494629612
13.957151270465655
13.94869925511224
13.9347578723429
13.841316458390459
13.72538611003259
13.693326654705684
13.701272695919986
13.790997616576142
13.924305163581163
13.964003422156633
13.932605469584892
13.903855354929933
13.825869517062314
13.806407913798871
13.620228005199294
13.535340241710813
13.519705245748037
13.51779944424181
13.602459427511766
13.599473541329662
13.721888593709787
13.855081524812363
13.955740514041572
14.009409928710179
13.990679436796622
14.022383029070896
14.017639759257055
13.995341407119028
14.006628671710768
14.034835766160427
14.02349377886551
14.036416825007397
14.007791251689818
13.964211211949811
13.95959898464008
13.917425196358769
13.847355509632036
13.797290298905182
13.821745147452997
13.900551661581956
13.982771521725082
14.063508763066714
14.030727520378486
13.944100104183422
13.798058853133432
13.735707977396972
13.666427060542569
13.729407708699394
13.686779965348075
13.675282200935037
13.80172571210186
13.873723356010858
13.899138187672824
13.89059157058839
13.898205783904164
13.903149438331562
13.884694342075889
13.860782830554074
13.78468371543245
13.780900545878263
13.853604179278893
13.798439682871743
13.845843188667034
13.89135725160865
13.983077804216645
14.015718269923326
14.034401084392007
14.074972149023132
14.134423975788863
14.153568717977077
14.185933245778514
14.299216845768774
14.45949482801247
14.49280964836315
14.505113117775583
14.374883509662583
14.336992328723529
14.340390472400783
14.261677462470635
14.124562831978556
14.035884932669232
14.001770394133725
13.887220414083865
13.887128973137735
13.902311001988906
13.956012685107153
13.86602004149563
13.888241763363169
13.931031878343456
13.979881861983285
14.080438322868922
14.108820568780114
14.167059392716059
14.197260950861518
14.268032726648851
14.310051251852911
14.299461924097281
14.167607271914346
14.068225144958284
14.044384993392402
13.953794397207293
13.997179818918305
13.895517162226355
13.79485439513519
13.77916973630586
13.76298718471144
13.805769299905927
13.732854064081646
13.710969001169792
13.654732994341066
13.697931028969755
13.76328941683081
13.867430920104502
13.974543230239837
14.030067156655708
13.966726693525349
13.919963984236835
13.878332147811385
13.887770250698363
13.903924025627065
13.953130360164964
14.097960710033107
14.170956762782733
14.165561143565808
14.116784019685358
14.071840934922875
14.169374861649622
14.186336899719535
14.104409004497658
14.072393186827226
14.11868697571238
14.108689980369595
14.160982533184372
14.199723642806612
14.23966218624543
14.283137657076153
14.312525522812228
14.142531604340244
14.082337321261551
14.215492814888838
14.254383341934917
14.233970496302462
14.266115534113373
14.248350287521488
14.15659372022573
14.148055292575725
14.236758685607041
14.331060305033462
14.33016325183879
14.208560014901161
14.128861593247215
14.122594555784623
14.111487684679993
14.060282541518164
13.981724256649025
14.08578526500904
14.273322868975242
14.363271751407703
14.377467167951032
14.457209752775867
14.400215907128398
14.215055180718652
14.174188626492134
14.174814038119752
14.10942252119676
14.060818855670766
13.982454240719385
13.871958051469631
13.857980065540195
13.836225834395727
13.765572483558804
13.704997859754373
13.5147110928162
13.497707447901046
13.6317739761947
13.746307294566982
13.777731930097971
13.845695384301626
13.829015701393766
13.703979433340049
13.634924972845589
13.59853272862781
13.660404547834212
13.775385987262965
13.87865012575796
13.937558134480636
14.010879765522592
13.966285117290472
13.909741582870149
13.956936985938345
14.022466293949263
13.983691590604643
14.071201606302377
14.178934496868745
14.10709576547393
14.131044458948608
14.18363360917607
14.223176082429978
14.190495210058938
14.161502426864102
14.156371547964278
14.156853702542119
14.11721366338413
14.150323756923257
14.225560333213183
14.210737046692822
14.220013583588376
14.243408656516834
14.262447124509864
14.311302048072385
14.419850403545949
14.409721685167908
14.458221256537938
14.465610819857726
14.41399953332101
14.455376932673584
14.53002223434096
14.45779272449455
14.505994743781391
14.592975700570655
14.657739324413283
14.616262672120701
14.530527630397339
14.533506830712101
14.518521760047703
14.502294866564375
14.556917677556678
14.667573313157742
14.716795616850714
14.696330853815912
14.630098514717414
14.667777822953152
14.75250751509772
14.788361671154235
14.80454352281003
14.833636209986118
14.871862384069003
14.888326598303925
14.859886149137077
14.775496100986317
14.757870828220799
14.768383595213914
14.749020483549772
14.667739793202692
14.747940748098861
14.782358964328997
14.720831758165087
14.646500395706042
14.581283657989891
14.68651660496603
14.689730558248844
14.684533549200154
14.700306279565863
14.739297097311777
14.777793109085716
14.735443610478793
14.668599928237173
14.660810646227507
14.698648885334109
14.689369360891453
14.594912235710828
14.579724093028247
14.687906984346998
14.762556722081841
14.782668005675758
14.781803017663565
14.728105756834578
14.592723251332362
14.55961977716811
14.526068929634034
14.499772227754958
14.405305718146812
14.342683136246695
14.28508509290722
14.236124005660729
14.260999723398415
14.216309095774127
14.269713636039958
14.32038585646028
14.400269458809705
14.384434594771344
14.324309952758204
14.321248463737547
14.232531979791569
14.17921080183664
14.210022160861296
14.301869628414794
14.307540607503764
14.26888191555716
14.283432252318658
14.233086147198474
14.18389082049418
14.12688861678139
14.053675228771976
13.995587123685985
13.902536116379407
13.855323431931314
13.89116817571885
13.869705379088895
13.838101037316726
13.818623671201232
13.814987247275003
13.932954591371495
13.95346511370547
14.011644221434553
14.076551728615103
14.149490957352754
14.22672377891992
14.214624095663938
14.228703439182388
14.215968692738569
14.157665369816076
14.157629092193071
14.146866999910417
14.230438182628866
14.203232926068775
14.145024038278194
14.123112643036196
14.095917992684452
14.014713626796258
14.063696384176989
14.046761389899299
14.115392790760245
14.101853519557926
13.981723007502072
13.881065973970717
13.825757541372331
13.703033980300543
13.625167013414465
13.63876811877926
13.735121872698617
13.815187949776742
13.873089759857196
13.90672894079557
13.97413663050029
14.060676642056498
14.050321292945853
14.007678748430807
14.033831149280667
13.949080189121329
13.865786628731431
13.77298389885184
13.686096067116827
13.731725480615443
13.799497426554312
13.769170561898411
13.788458054077974
13.805558217694578
13.789567208744021
13.78762455884411
13.808130984175962
13.767536690539403
13.772077855307638
13.857123201931582
13.82462001057939
13.832022126526962
13.989582515361487
14.102821024478512
14.103331002801442
14.088136513519428
14.067182306564993
14.08920015329893
14.115742456488837
14.062784317246226
14.049234830024249
14.121157380421257
14.16648872469238
14.203452497378343
14.223329767061058
14.067379014447248
14.088665352702991
14.157329392263636
14.191687925616353
14.141884082110405
14.090724229560195
13.99023156288264
14.061391157853402
14.16364650484619
14.159450772136847
14.162987159156314
14.221894975908763
14.244117817308421
14.320302267812224
14.450218934474446
14.470724092290146
14.460962458763152
14.48174046521497
14.524802868901578
14.545616562585034
14.465991598568541
14.388623003892269
14.33847798336846
14.227971544959264
14.163674534814119
14.09295642850077
14.0306316816382
14.011259994868592
14.068051960774655
14.075978611624254
14.080981697145136
14.136796041510296
14.18719462317002
14.165606461966492
14.160163399524922
14.05766504649448
13.987228859016316
13.986667481588054
13.988915818699601
14.07466450937135
14.180953562139539
14.251633018636486
14.22870755604941
14.181594335712056
14.166133680990283
14.17235492042394
14.166020530855896
14.154275987415625
14.079700009521279
13.914578088897864
13.879978100672721
13.943489261042098
13.974334814062116
14.067855836193447
13.979715481642279
13.97744056556306
14.109229579008648
14.20206059299136
14.214835779253745
14.146300886691114
14.078580670372654
14.152982102387108
14.151685398947357
14.133621528471588
14.039353582486873
13.968287369483075
13.90158318370113
13.892398009678718
13.790332102026667
13.659900572046718
13.66330242963796
13.739473958551226
13.824142601573518
13.869700696819375
13.936806427465994
13.967569303415749
13.986376346012664
14.002824556513577
13.993156903967682
14.089480781939217
14.193451653208815
14.151384555974236
14.156385783033018
14.199408245939683
14.100067947161687
14.135673484076758
14.250202440430169
14.282498921973374
14.251045204600238
14.268559401031544
14.361575422266991
14.382167117787086
14.383057101062157
14.462072962015675
14.498322831048188
14.521693909998637
14.487765504662315
14.450545125020316
14.35158117539516
14.350446969609703
14.387921998403176
14.386416893041936
14.460320519530278
14.582525115785417
14.621089669663776
14.664945353701556
14.69903831555023
14.666352645845121
14.626685469076245
14.588503841318415
14.535607290115333
14.358605095216783
14.266655446690454
14.146075651981462
14.1539305645008
14.181371592374266
14.170408825535976
14.134130841188812
14.133198667359991
14.13252413897597
14.038064967247655
14.077827629774912
14.191876624147266
14.192986343200356
14.066925054211707
13.957031967485772
13.965043756307713
14.021165551412
14.051687290115927
13.966908072047612
14.000910400138256
14.092278180142024
14.193575508394064
14.292320311064156
14.311527642505853
14.301096927432592
14.26483547452424
14.271713554290637
14.273285480124077
14.271792291613226
14.168061977005793
14.110532982649609
14.074029136907516
14.101041572457852
14.171831724479937
14.17790369619016
14.098881745963112
14.114907007486238
14.126019947588755
14.119194063773604
14.099595505392248
14.108530230762987
14.036996862137608
14.058452162086596
14.089300743015881
14.072970340785432
14.177759372274641
14.220431196576445
14.215726259959009
14.113313765468575
14.193877830596877
14.13860234011777
14.101126204592006
14.08042583793352
14.127415986478702
14.075821717278
14.059448771105822
14.050877487051913
13.942939673827432
13.895981610013475
13.873270743357015
13.708267483352882
13.664761589708233
13.70694692585274
13.798217174755967
13.896140131395217
13.994843885641602
14.058794907227288
14.07868449741936
14.11040549872793
14.136928789048874
14.138887569519417
14.07698868199949
14.028425586837178
14.065753951516268
14.062203005501642
14.064221679142403
14.12487641170613
14.2066174272914
14.27972365428594
14.249873642802111
14.235046340103958
14.266338559709897
14.27882222603971
14.342281494505592
14.516725182226173
14.438265647237841
14.27622595760243
14.284853258642777
14.32505668186844
14.424897681631137
14.370549835793135
14.350189373006831
14.411003129783857
14.486165215271583
14.444376912122397
14.4687448887425
14.522274215193553
14.520814463468838
14.56437565179983
14.587233093187496
14.516492715264677
14.517865907541058
14.477720683303115
14.414355010460152
14.401484545779025
14.331524481831805
14.22577333065076
14.133910527494187
14.153571317022893
14.13174569345796
14.06367853794223
14.064483817009858
14.048918422464657
14.045259980110528
14.00476490150096
14.022162894045502
14.177057877001705
14.240263137679653
14.286436758672641
14.301698459926182
14.361469372586974
14.326999236565904
14.34911881800074
14.346321566226056
14.396106027322759
14.388457695442169
14.36790196090265
14.360906380338223
14.42548973401984
14.4200996599201
14.457123302941303
14.4284001202043
14.312873448622046
14.228399900068293
14.201728614777686
14.263540157092944
14.278758930446237
14.213005085314391
14.204960124899756
14.1178513468147
14.0477184770046
14.067337052202992
14.10107071337396
14.121919414826495
14.1513533686242
14.083680320690274
14.057004481630063
14.019134240074624
14.100050027784127
14.153546432063658
14.227689692764478
14.20121228937905
14.1862243014222
14.129034127569422
14.095199869769308
14.128407345125474
14.181261078506443
14.392333198539292
14.541660704836755
14.49418610780962
14.389171000057038
14.272108074873204
14.092090920992161
13.929601699184117
13.896115057527279
13.969414555419524
13.976134109189283
13.949020159635674
13.862509006686857
13.746140295045162
13.696402882918788
13.749243025211445
13.842111735999952
13.91393155165085
13.990284212582646
13.888015814708739
13.811963370857113
13.790780600308915
13.76911387505238
13.81205864219762
13.92376049536571
13.930548790144616
13.970293882600787
14.11111760057058
14.104998561923795
14.032243369877326
14.024618258731573
14.125829235788506
14.208328009703889
14.153882012036224
14.100731488251599
14.070830765720656
14.103712631045301
14.1106437662149
14.084943590491811
14.05154773991008
14.007872529306269
13.890309978245872
13.912761584083846
14.019778081985974
14.155056932166357
14.258324323898492
14.255778546488957
14.2666084007695
14.29730044528158
14.377531777731454
14.42056293073628
14.52618704935445
14.579043331919213
14.436061258035071
14.394700802483623
14.47647475216512
14.40279988581167
14.351421946361548
14.318848579057473
14.293847434369308
14.42303714950579
14.548987492187399
14.707351572235575
14.893165828586541
15.021210288251488
15.063933266885833
14.965179080847467
14.965625700129483
15.023885815168919
15.031281123428986
14.931474424969977
14.843345725643978
14.705174572314235
14.714982365577821
14.76770038630909
14.764551755465568
14.789383464031628
14.831417467036589
14.9627542090408
14.991180399894617
14.88045838363736
14.859471095601728
14.790924726329564
14.763592228625244
14.801859606644097
14.835791053775601
14.80978229028718
14.786874648510823
14.74316140380677
14.709204764279104
14.707596162613278
14.66157689224736
14.676303022707849
14.694099935973522
14.628657645059882
14.605528179853254
14.580328937528652
14.49456540400064
14.4291626255441
14.45197086829415
14.288927316528545
14.238059197250518
14.195284183912943
14.24972508305142
14.3645580033061
14.304203720981278
14.352043891878271
14.372201734156137
14.281840818808233
14.173100715848324
14.104710084009449
14.09567660853721
14.037798300974385
13.958456488968652
13.98724501975838
13.920801909531455
13.954653048467707
14.06449659227997
14.183732380322576
14.268737251921863
14.267029718494287
14.267925024124342
14.25379811401956
14.170186547362226
14.177796598651899
14.183641774376937
14.197078781212882
14.289258004764138
14.384648026885127
14.483310851595661
14.40867742323635
14.354605876136452
14.273314845933266
14.265238652955397
14.245452579994655
14.121869465785446
13.996777013728845
13.894188929092689
13.941254645661207
13.938023761948303
13.85456648931699
13.917693288900532
13.941862234288465
13.965401408266134
14.070563220366022
14.092058356172908
14.125395490852705
14.03729919420982
13.871346603199093
13.69535262950122
13.61413329390799
13.617541561987181
13.639394736910063
13.707975038601687
13.68758331726409
13.638570398538647
13.569867264056134
13.470131195413858
13.460356707893137
13.384096579588952
13.30762387893225
13.361867593258088
13.422898325072337
13.534218071161362
13.595570124365192
13.57651006412962
13.672753570254553
13.815104986993195
13.779092274267429
13.70916172059489
13.71847005735788
13.811980180210744
13.875144029587975
14.000684614198837
13.992943680429354
14.06767338049807
14.026652851459536
13.99866477026496
14.030493114624914
14.023818971279784
14.08844358646977
14.104017847637701
13.969616703051832
13.858242742549672
13.836130687832854
13.867697174497584
13.935613623856408
13.959438239241242
13.998745037517097
14.0727735170487
14.091535263371107
14.115706035941002
14.090002083679515
14.076358715834735
14.030707144460505
14.031242328836269
14.038835637350461
13.964578400927152
14.00981285218681
14.147061538768034
14.192613160013645
14.136892549116334
14.111181585544575
14.06065899106509
14.076625204621346
14.101043869736587
14.18245227631405
14.16972108695319
14.131499258896326
14.008869780971526
13.840186844837984
13.736285582635576
13.722667424955377
13.74831277415048
13.66612852326515
13.534270972427771
13.476625817962953
13.512205675417912
13.59913244074173
13.621038834023004
13.598195417120516
13.465579989628068
13.363336707870673
13.404702712251456
13.505041868091997
13.596365450677823
13.583008250358297
13.57483607389752
13.508222063982117
13.47203121709915
13.481599152695763
13.595321477093375
13.773921530306396
13.754319565636294
13.774118049942642
13.756590983874384
13.779815109479125
13.738493709682142
13.613067576310822
13.606728583033117
13.583527642877918
13.629816092013963
13.657167483937961
13.69437677552788
13.736594958368942
13.727939667252834
13.762473920408915
13.86419714056102
13.866211630539498
13.805794477169243
13.77228496299908
13.765964883132687
13.829864579759251
13.8986187443216
13.920500677754566
13.875058692104146
13.755648345312917
13.680266048169393
13.757237201492247
13.83178148799191
13.886782262298112
13.927540798590684
13.900473414733257
13.860730627462349
13.828432370627564
13.825908551126782
13.882793961664838
13.895094211280304
13.885714654781427
13.909563178499383
13.96018805716822
14.06738659457265
14.100336554205777
14.046583118199194
14.0352598413542
14.022836489322806
13.997017343060046
14.082862074308723
14.07507967633289
14.004301291524188
14.030761640936138
14.096899634816147
14.090399646087553
13.96670999135372
13.914495291892457
13.891780309005334
13.910747110646973
13.904206794878814
13.991332033936287
13.934814403586879
13.874013634248477
13.85553800209197
13.880219595247452
13.94758021271218
13.949230035113532
13.962151437736393
14.003571286100511
14.090251775881585
14.152832953097045
14.138374822371752
14.115048253450801
14.079081346762138
14.171661762892693
14.13479942383021
14.16482042253574
14.206682149832668
14.232635727881608
14.30845856351483
14.333283570168222
14.280970902469086
14.212130062431859
14.224709826265162
14.289238520979954
14.358271312308265
14.35977397747734
14.343047983708168
14.345555639414147
14.259735396885903
14.271171431836505
14.318848848654783
14.323233645589566
14.377973432216027
14.323586432495047
14.284731968936038
14.206508408597939
14.18970063329145
14.202206437979608
14.102361393888758
13.968081903712964
13.887181505042136
13.900870081305118
13.911213325422006
13.936656064537498
14.044396648912256
14.040465936813424
13.951690244369917
13.88432626309098
13.92067759971469
14.005313643641031
14.066969830965137
14.185444452936991
14.25605119394247
14.346023436156669
14.38373920687702
14.366074100133261
14.419941321736308
14.394052938720394
14.329457209792224
14.346973856828878
14.258566208542986
14.252089506547083
14.13578580159876
13.985001754640447
13.910794513250828
13.936451951092929
14.004809526557688
14.015418357281646
13.980338255589478
13.914460625353477
13.946125838611426
13.991744102042997
13.996405058530762
13.989322700768195
13.98720240647823
13.928798587861932
13.888843477913127
13.898946309414995
14.021925238345183
14.06682168807994
14.132058200698198
14.120746986490264
14.108406637896298
14.019393503949734
14.009004548063716
14.035953917740226
14.018360783081864
13.953952437246949
14.033446097771545
14.239217512727103
14.332793713962422
14.385469748386543
14.408319281631476
14.377689971183466
14.165013434878045
14.107142591307326
14.118320727498528
14.183270172951099
14.24106825649425
14.266285922588537
14.248210519513801
14.232515124567508
14.197963455617257
14.162232300694686
14.284192299443262
14.250291743426624
14.217264696676821
14.249046179897483
14.274531917900827
14.357447484205332
14.299030033229505
14.200844954930828
14.212460219090003
14.297782349445542
14.284458860862939
14.225027255730549
14.260114898288478
14.251971391416056
14.156826895734214
14.127246856834489
14.013268851225435
13.911311340036013
13.799250898346049
13.885391592122366
13.981789051223567
14.129987566575362
14.189616713970244
14.217391629590066
13.976983641143994
13.868847076550038
13.830449322460394
13.918671430691731
13.900405096830843
13.939997448376468
13.956998695013317
14.092196577864767
14.171201962790231
14.18055302481805
14.248926830949467
14.336445288695248
14.39355656839171
14.431741749288047
14.363140742823994
14.412627423961837
14.418783350343448
14.334746412424662
14.248000571166012
14.157435244626637
13.961530563818744
13.92352482580222
13.96018638341078
14.006821682602915
14.090150382236668
14.139789642778807
14.174338761711772
14.05114162610244
13.95691920934824
13.852778277662907
13.73649255766878
13.742911480069411
13.77514360105113
13.728097118951709
13.695665537163327
13.693266233815311
13.685493348815623
13.65499167023719
13.626727133299093
13.64401412851971
13.649042721937969
13.559634443410689
13.537965256880073
13.52809587594561
13.536086918258336
13.540806676950666
13.564164600326649
13.504568515049808
13.492121925715368
13.449627435859709
13.539707487773077
13.554243979808685
13.753153423883592
13.862226983591853
13.868205449671379
13.975086212928588
14.09769914279274
14.15409186376972
14.05950254947653
14.004662004158366
13.928134559914396
13.763654556187449
13.691989036355215
13.797750653405759
13.955158430597562
13.984298517351457
13.921860597323839
13.907039970402554
13.938090527771871
13.89722424011321
13.842940292448686
13.864747589666218
13.904581070477303
13.832623967853808
13.880562551798885
13.926862162775329
13.898594390294503
13.940938709316978
14.131364424832562
14.17052482944562
14.100010962928271
14.025822952088426
14.013640111552267
13.996081257738899
13.93794162871708
13.97984587438142
13.917048865364368
13.944899565538424
13.903561693544589
13.891289003871222
13.947374405405297
13.944371819162683
13.83238851413572
13.827720850690532
13.82954565895384
13.755755402441078
13.710924331383097
13.650459762057297
13.569188917718414
13.537141404721464
13.507905090990766
13.454501688044221
13.501103066477025
13.504673061524752
13.519925092562247
13.595271277718256
13.718487665880932
13.844288746586583
14.05661957901357
14.011683690808335
14.057111521261364
14.088806872360248
14.073984755722302
14.097250421816053
14.167113032480776
14.199487904483648
14.049550964892411
13.917790360623934
13.933966235632743
13.920516020993187
13.838932001985075
13.724425633147087
13.674252391343407
13.71120490477244
13.793601331818868
13.84408511878277
13.825600079282708
13.867900001700205
13.825208436716913
13.731863492311385
13.617235255832188
13.5257184994884
13.500435511344712
13.460173690641904
13.467279117452065
13.557822958881038
13.814891414120186
13.887821419942757
13.859589764947989
13.829676395971328
13.87968116966904
13.865784369316055
13.85510283988083
13.835394519370526
13.794904867316452
13.803370961352027
13.824098160037353
13.854684379464853
13.95724672453246
14.13735039858528
14.18663708599346
14.099872636896288
14.08185033014824
14.039182297420647
13.991850868518974
13.934286196971978
13.883141255959282
13.849029511515006
13.87077306416047
13.893463394599664
13.871997731011158
13.825119749896903
13.734482343681703
13.659329704821426
13.651160068713079
13.659360126569618
13.679561011672472
13.755513020066212
13.887770835806608
13.905733967116154
13.914826659872984
13.962514988167012
14.010367135426497
14.05920098535197
14.146629292745857
14.114508167145384
14.024434306423375
13.924945751669213
13.939674123496264
13.974890767324148
14.05655942207949
14.024140944291485
13.962273528002104
13.928806189843804
13.840608134153152
13.869329511967411
13.940309359782795
14.037407659666261
14.146775475830692
14.185965892664933
14.156047245658447
14.165521117813963
14.194649998083529
14.132808561818157
14.077995643397806
13.92256773440774
13.864051212182673
13.833949012095212
13.821749502832608
13.89064865300518
13.950341058349935
14.031819941905962
14.057187257191172
14.103179101420578
13.990018407357987
13.87595778150379
13.806660300554727
13.813845124766598
13.890360834435326
13.8588851961991
13.852098104531828
13.78633428534172
13.742315366590255
13.784383453298362
13.792270813491575
13.78711473225063
13.68143889794283
13.731471331211685
13.815661860074572
13.828812860359584
13.851540092964116
13.934850673237372
13.958635071875904
13.927104378254075
14.013612111254997
13.962661848873969
13.891405987739107
13.895729268067381
13.97157813195913
13.970335269439733
13.960481452228247
13.861337280470405
13.84712546683955
13.841518624746845
13.860624475766688
13.819322680183705
13.829683487568076
13.84481294005749
13.887974678900427
13.99862990659083
14.011934942322043
13.967597399070979
13.978623787169962
13.97524439778798
14.039581222760505
14.041715098284387
14.159376600683654
14.233422676267514
14.232524125643144
14.12361637498735
14.066326174351305
14.085952815367202
14.159072199402873
14.170740646126891
14.19652510068608
14.320602289796616
14.364819345296803
14.322195035152456
14.154380010073288
14.029987798505216
13.955699390518076
13.993824398043602
14.030131674476456
13.93369783386068
13.908550567458539
14.020131737237733
14.156150885870465
14.123579362601141
14.129881920854835
14.129971434526263
14.075611995175484
14.077949200965024
14.02638626952649
14.060934569311533
14.184154745260356
14.244967264885116
14.223351193286405
14.290326776824607
14.347560077293956
14.348064053306684
14.348843425724123
14.260562864951899
14.134274285474726
14.11593029491349
14.049003298222601
13.97146638965408
14.041074609539894
14.052605013981392
14.145911919068743
14.196283304483309
14.344708898461729
14.430148456257783
14.48617096503553
14.632973069864224
14.752320996956993
14.832789544125623
14.920052833193429
14.986398115063496
15.004620592297872
14.96975231241742
14.875171349082866
14.881146602230917
14.90154871796842
14.932743542242129
14.925280155957138
14.854373692660735
14.795084214420925
14.741392873102088
14.85046306209069
14.856572850594102
14.819512809757338
14.672241765355878
14.589220245815909
14.554826694470348
14.500826203040116
14.48013179952374
14.500239988425227
14.478740348824472
14.509640586897875
14.633871333405683
14.667785962438582
14.651422501824142
14.617082718131874
14.68281042785671
14.770737749249061
14.780862318406081
14.71173917963137
14.626619067713433
14.635694879870352
14.5942739751014
14.549502445018563
14.511427580574544
14.495725935460259
14.390608490375891
14.223721255735192
14.024972251488682
13.884333712933062
13.860669275028789
13.854069336751843
13.898169736427482
13.930219059210886
14.009726230732095
14.092588565048741
14.174285892425026
14.023377051006594
13.958342534124474
13.871455875150483
13.859880721275198
13.841185649687265
13.882194488805695
13.906286958617013
13.926226605436387
13.90441800389449
13.850951343190474
13.901176067993807
13.881498351348721
13.907652046397754
13.862750861401416
13.84217654203444
13.903423309369028
13.949745224734745
13.984978462193904
14.040082978181326
14.09943173124851
14.240744309267814
14.304124019167022
14.33579959466495
14.351074273154477
14.282960114581494
14.239132698458596
14.199823089507612
14.256776216805498
14.308163020288811
14.338829294133985
14.255372150217875
14.223534498960522
14.26009291685594
14.346209825858685
14.263033394167147
14.142143707858164
14.115940018415973
14.006386947045149
13.937463907236463
13.89950167877506
13.969305500461843
13.984121824813977
13.96349021529495
13.910576336242555
13.933071852014125
14.014325044076493
14.126982530777873
14.211511522737407
14.211700590463558
14.18609740059673
14.135078495780052
14.067598427500116
13.915116018587993
13.903996610191216
13.939529239820928
13.91621531246975
13.957846555942865
13.91756727537654
13.86835441515908
13.948072538039764
14.033256569848705
14.088334543959485
14.087075117095267
14.082037704889034
14.1347014759124
14.115700091992023
14.066207030494942
13.923016493324003
13.910409167221385
13.944206476779264
13.889100355910337
13.842129982867954
13.791173478811697
13.75867481161756
13.728879244262473
13.865125646910776
13.950404385655949
13.91585239746496
13.857625444382313
13.759097908173624
13.697355493075957
13.631745563051608
13.538697701395103
13.492641462993738
13.461291362221814
13.492625611987233
13.559165595163932
13.642328409823152
13.672484224346213
13.653200859457549
13.681742924337586
13.697803534658592
13.68321232065029
13.724963314870344
13.77269741895768
13.764900999046892
13.716850502328708
13.731600140645988
13.827229640537084
13.77643540171187
13.798540059738494
13.792233316072144
13.814131640467606
13.769494849588218
13.76767454237063
13.789040500288944
13.80557160967138
13.879924951218593
13.914310101774266
13.896569174465084
13.852738724303212
13.841753505334896
13.882523341995027
13.997770001516987
13.991659948146093
13.93449317774495
13.882720402445456
13.85868326849675
13.886400002757961
13.8682909375283
13.88051404765702
13.83960488254174
13.88327890159542
13.852629304239915
13.88726684269322
13.985736764501436
14.039447719407336
14.014004597361332
13.945489960615838
13.874287435422646
13.906583364023893
13.835396017134556
13.787656319857499
13.789530773018448
13.834239614398216
13.831575591807908
13.854212563671117
13.879348205673598
13.943742800662452
13.978403965373543
13.94421634842243
13.986932441484639
13.858351068294201
13.720950056915605
13.694756052724035
13.795613816687384
13.892230377440809
13.937401666833612
13.977502267119009
14.076135533603976
14.15830998495406
14.142095766569156
14.128887962784516
14.050627301167195
13.927612097988412
13.8750840269686
13.82870308978724
13.809399738472107
13.74551574728902
13.594848434739859
13.516807580298403
13.516792287456234
13.530516273045084
13.56847146367901
13.660171076249169
13.711554698526262
13.752962452091706
13.681693210939878
13.619971172059419
13.686747221069245
13.7362251266831
13.742527415427796
13.825157504301702
13.796994753194166
13.876903374447807
13.94861195217142
13.91731307586851
13.908622635532787
13.791140083342151
13.754687387989742
13.7367832410237
13.752815799144772
13.709535687550636
13.626742064299547
13.639371707020763
13.715933453529257
13.657652023195931
13.60237634724552
13.55796146370213
13.561026763742184
13.482676110744064
13.492901309687765
13.439276091478657
13.474422540961813
13.552438864772652
13.59586783835706
13.61090621867069
13.574372501724044
13.57641832001588
13.44302665196096
13.374102600405486
13.38320904663691
13.488219961486719
13.618734813880721
13.878334270258522
13.965348327531435
13.896812631950835
13.7955954057332
13.680425984683682
13.611664046948178
13.651128580075884
13.773144781099207
13.833814854383792
13.849893189405268
13.819110893796376
13.777860222900994
13.803568965213536
13.937491385183531
14.0646234160827
14.14454551065398
14.241765099252486
14.236228609944078
14.168706790571234
14.152225220536145
14.140387475716668
14.087499398986543
14.00164949407443
13.925356914047674
13.890879563541619
13.850134581680134
13.74279642474806
13.744019686027482
13.83887437090278
13.904176066555356
13.957708384301098
14.018840739930539
14.054499732628694
14.14493878367018
14.178938884220752
14.25799302896183
14.361597067772752
14.33201478864728
14.115728159863627
13.927284517147733
14.031665799587614
14.006018452133956
14.028585441796656
14.055096497229433
14.045436734909863
13.968129765249548
13.925374482166188
13.86876489022536
13.860259289264167
13.75960409808993
13.799031559119932
13.984050370080343
14.163624411752872
14.286569605887307
14.431504228212285
14.474567630404843
14.530520572641139
14.591386370775322
14.564268196458904
14.482009310102656
14.5128739848062
14.666651972280256
14.750641638068844
14.644792794279692
14.599422387837903
14.566335210015245
14.513909717949026
14.530857782879472
14.470891428632209
14.459725057891761
14.524872950839669
14.519159595338612
14.508474112384917
14.583917140889612
14.694261574693712
14.776288214048758
14.75454336242352
14.752023657390817
14.790213367470272
14.760589462154911
14.674002866967292
14.688131323698716
14.622738086300187
14.550100932020118
14.609097968211072
14.6814053064516
14.655164037424267
14.610011328622193
14.614633500529166
14.65592094116282
14.642188309090669
14.587612370844266
14.6108782206073
14.677712767250943
14.655578764835813
14.671692791694293
14.652175655727511
14.731679635959654
14.744222873122066
14.755780259296063
14.741072562329256
14.701162970920887
14.66889402036733
14.618654982145944
14.563962409899991
14.589872742788224
14.704364361521318
14.71436416488969
14.685681008775111
14.691998004473541
14.619201664500464
14.605722905481219
14.617036367785417
14.61216224858076
14.578204125661014
14.55753909677105
14.509787708161978
14.410654282366378
14.328213609048207
14.334921821896074
14.378238183540578
14.39430299758767
14.418270419020024
14.434602548062784
14.45204135424464
14.39717238553351
14.375413458376524
14.373621171044524
14.27573730509705
14.226828386404385
14.21190070086643
14.226713290744318
14.370802828686564
14.408159043733539
14.381011175314779
14.3550348037599
14.334743081953897
14.338066402551517
14.226666994721814
14.14471535594636
14.141913431679622
14.23179326527765
14.222222528429006
14.255140775389702
14.17711562166739
14.126201448435342
14.086054207730342
14.069999870735854
14.082604930192895
14.003062737328648
13.972336333532503
13.855807785521284
13.815537844877333
13.859368040144458
13.852170010947248
13.813241032975478
13.78154001201676
13.807138491438547
13.92957808796398
13.916421503147923
13.985799071220862
14.07987363026406
14.195666380136645
14.301278375149257
14.316110032454176
14.265666285591513
14.305995124050481
14.370320490670077
14.500296035163991
14.57772239222478
14.584006534273719
14.65403330327777
14.660373910119485
14.6362566948696
14.615517828060328
14.618017472005048
14.665301445789336
14.585203182667028
14.48904225884931
14.50876056350077
14.509445409420726
14.62997870718942
14.712266060619541
14.755814583024545
14.694550112480648
14.596888038265257
14.538223620934131
14.449273036250188
14.401286404143505
14.376601214685532
14.392041705878944
14.591191010589842
14.739943487418294
14.837203484622849
14.861923165370728
14.804861895115558
14.845632201468312
14.863085094757688
14.789451394793264
14.660633308459758
14.685924768691997
14.660816185346683
14.684451174553958
14.708513370637348
14.675975054592996
14.689776044653046
14.800563593511724
14.831211794819824
14.792359238014665
14.794645145358853
14.832715798683454
14.91644119094792
14.908106876504249
14.93877844266883
14.968374937650147
14.962017368225531
14.942751426927998
14.981567957205243
15.057439942037222
15.050850902592451
15.0239817729971
15.051708224294956
15.048983895253706
15.045866090920525
14.926031892282658
14.765369583259611
14.543088460124258
14.436568657972915
14.465248403300329
14.586311314498273
14.567198282418865
14.522819185326215
14.48819179602907
14.42360130386414
14.319193016868335
14.294720404802932
14.328431455023287
14.437046785546208
14.634707149943255
14.697003852045805
14.732965775415177
14.780439756875216
14.805374715172828
14.921788318474414
14.978553477739373
15.001384730783737
14.969931521466211
14.927746465983388
14.883279575298875
14.758199098581208
14.603703776124666
14.550756871823868
14.62941037347726
14.589494517070444
14.493997806896443
14.461183218113703
14.434463234232165
14.393410823887816
14.29423253680894
14.26538820833598
14.348162273238811
14.438859167998693
14.541248122510046
14.466926146528786
14.475908982379575
14.535631008530029
14.583270668791528
14.60202974593899
14.663139065607295
14.748238337611445
14.769380446563584
14.796340099961757
14.783631006914355
14.69803674332812
14.62523983609544
14.663260656489747
14.621367397953248
14.586813706315848
14.56269415613932
14.513817524075918
14.43250177057545
14.371931253601238
14.282888929295563
14.344698571247092
14.449201191971882
14.46457351018583
14.447104729253917
14.445849219580024
14.43069742189506
14.438879617386522
14.56386359695504
14.567030483709482
14.389049696005756
14.29426583072034
14.236503547681401
14.259114798444974
14.289424474704914
14.250188875199447
14.198189286907484
14.265852520349583
14.150433096237801
14.1145230337511
14.207562374100172
14.242879909148101
14.177224745598721
14.148199016555024
14.146670130159977
14.138539032013322
14.122742156528838
14.143329643366041
14.249515424429662
14.306394859517006
14.363471806516268
14.382576665844953
14.305801877555519
14.202535381556364
14.086273457508112
14.069968369147853
14.143756930878627
14.06431799425578
14.033831507556089
14.091337971140394
14.113411413600067
14.08079025623657
14.131033156825481
14.21330900529116
14.2412378973459
14.148932397889167
14.03200669756907
13.922393331897934
13.892461320484793
13.88242277802139
13.917128127216417
13.988341195191246
14.097492502372639
14.190199505993125
14.199841587272171
14.110339816090061
14.018095920597462
14.023664405319037
14.080239007872397
14.156249188226028
14.214972363882758
14.18201729778505
14.190742677936402
14.147586765583982
14.037177518785803
13.880149858909373
13.716025298451184
13.618756737476469
13.542155565049601
13.52799468601558
13.604108343636897
13.67352416362169
13.615542729516086
13.51617152270181
13.584054036496653
13.639342463003299
13.62333181186851
13.675720384521753
13.67740879213301
13.657579595923746
13.71253132011296
13.762361829078777
13.876440762166578
13.94929772180225
13.951550992281996
13.931081083613824
14.064241337723555
14.15113801952361
14.213048637780531
14.176206433103355
14.168353799366834
14.205362696778575
14.135981901520285
14.071292544028735
14.066747383228632
14.122279747259613
14.300838951317202
14.37877340216634
14.343920865664737
14.245811455825937
14.161769960790615
14.167475741137883
14.065275650999368
13.93079078836778
13.751385800404304
13.648415086034225
13.747347303006684
13.773561303122156
13.641428348867521
13.671024712693223
13.813219261787866
13.929739713300785
14.070607919065312
14.121054311026986
14.152073192905908
14.234461530871382
14.274556988189836
14.270518981542525
14.280242542203611
14.299123491361367
14.201844792314072
14.078246658604353
13.973888202180566
13.921713823114006
13.966476736143566
14.08776488287538
14.17838677109169
14.360651058229147
14.486994898316006
14.428471660143018
14.466162928495157
14.543834783704037
14.566954156242717
14.536662133992687
14.465483884327542
14.375494136402917
14.29241817406014
14.202765639003793
14.236007407039102
14.268423398392382
14.271454245189716
14.201131906239818
14.16172050531339
14.089551971426204
13.995938342754725
13.908621175866406
13.822728950278254
13.823851129128956
13.850229965566058
13.893821812088838
13.887090928999816
13.908374710187527
13.846481408896222
13.729906279748318
13.57434037981402
13.425436371047326
13.363176169599178
13.340188646432372
13.423627048040418
13.447747231390998
13.47847515837304
13.633645350747162
13.769069134398878
13.826832701479471
13.688227698641711
13.658762854850913
13.622582686491349
13.622507264668734
13.657042777224708
13.620330151371038
13.65528410108905
13.760408845511844
13.76515518880028
13.717152010247935
13.720102861204776
13.653545466494528
13.508145078910681
13.424075749309091
13.39567726710343
13.412869645132572
13.40192436179769
13.321194708694936
13.328507724680092
13.44270073368663
13.514016365101313
13.592955532561234
13.636626413709836
13.588643357684726
13.626885232558614
13.616070162404117
13.74935413758462
13.872247814743483
13.878514627374672
13.899897270795174
13.90766946116456
13.870033433187784
13.860747302086642
13.857311084913258
13.923418526569089
13.967382547653349
13.923081862548278
13.93082598105069
13.91694349183725
13.831874042104376
13.716104303002162
13.757328197905455
13.900924092199935
13.937476999384234
13.790213280447098
13.60305632453896
13.590611977840986
13.60621999360054
13.562520836741543
13.483479846463847
13.26458092568885
13.249476465529767
13.351178324326993
13.349742065827902
13.403683864708846
13.48753967404018
13.38977004692552
13.258278557004818
13.207280513685628
13.2178175767719
13.19493976661485
13.287370424678853
13.46687827419458
13.549832875207528
13.688879358922316
13.778544026421043
13.827521681317627
13.832422637014613
13.826037225302079
13.765320999179204
13.76446311900509
13.757940832147666
13.756988595665286
13.729788262021216
13.714099296984598
13.73891273288408
13.842174028446935
13.869180162329357
13.885873979743732
13.868084819711854
13.795191150714258
13.837341115584199
13.805848711376685
13.72416556165532
13.630483046029074
13.641167414823727
13.643115883893715
13.566282264568931
13.537641538567293
13.516819713373375
13.485253321084112
13.481836202363045
13.391071620303
13.364947545080861
13.336198795904659
13.384898535366647
13.483343092213156
13.661706005643625
13.746495810967527
13.648995317935986
13.478578027709878
13.3847010786574
13.375621773113668
13.38766345726855
13.405893162261798
13.51320418910929
13.53160465581889
13.507989771699688
13.694688486133028
13.739639727685983
13.74129156071758
13.764741177355477
13.852925875688053
13.916525720712785
14.004759211953996
14.05021886677097
13.980858320786622
13.9492923902627
13.993122640058646
14.100104522078666
14.16706495271601
14.220536137820693
14.346539792899266
14.30968068726736
14.219412467188175
14.280863345784038
14.329785141703885
14.317145785400156
14.339877963438832
14.241715063790604
14.21412750064691
14.15471230463869
14.1545813567717
14.24473142947549
14.375814681302433
14.426295430277623
14.424830389608482
14.406669991538049
14.588666254928436
14.718943817783188
14.75089023619777
14.733667807659453
14.63916005606401
14.62173864524091
14.534819953803865
14.419182149379788
14.35670852720708
14.214303689962767
14.12560162835331
14.060662642580414
14.08010988478555
14.058417619767994
14.07376902145606
14.166286881540127
14.222118561062517
14.283245071205224
14.282182927914661
14.228351635264326
14.262162000026013
14.250054174773483
14.23999083368459
14.152588988010725
14.106710211833128
14.18072759563112
14.212768939617641
14.156049439302757
14.092004300903982
14.00047402247635
14.012143160842056
14.093075092493356
14.169902831408157
14.219227779913679
14.20872494802107
14.141276164453984
14.198406615757474
14.1876782142303
14.188648205823581
14.156245242410572
14.0692539859645
14.017345138864883
13.94179828415916
13.836407770835056
13.684449021564113
13.683611753556736
13.626329649997952
13.499562261424643
13.481334593429116
13.463614750298246
13.470659876536146
13.47856961304713
13.535880850490011
13.519587716199265
13.698367121085486
13.778113196707267
13.77612324727863
13.767386115924264
13.681473258317716
13.645869769609003
13.72451592195086
13.812767578925705
13.810010226751727
13.749579413692947
13.821447882134102
13.877328614220065
13.911985229854311
13.975860509997169
14.000879681793922
13.952305374205714
13.973863350782883
14.060146027375835
14.159051413194563
14.244490226399002
14.290087553557553
14.317556573177677
14.319745587685706
14.308377664987734
14.369519686733714
14.380067487688525
14.402209898509444
14.563003116473299
14.774030448397902
14.820505236246696
14.824298381932929
14.786051145288042
14.741623271194584
14.710586994634637
14.722734208139956
14.602284234218983
14.458073724117625
14.530698685310801
14.544871962938268
14.598999381641324
14.500240433068125
14.431706435544701
14.296948437767908
14.186313118532096
14.177390881871004
14.126153466128049
14.112679550398722
14.094751578133918
14.089593848073228
14.090231195134983
14.06883612772841
13.97815912263839
13.827131684419166
13.657944161469848
13.617364260005399
13.752666453061847
13.848975407344538
13.80635632579483
13.776220197164228
13.74010128573093
13.764376906390345
13.85026439930585
13.953785969093346
13.986732603701407
14.037308031321558
14.055414719448013
14.099346756006698
14.182524795477415
14.266005404155596
14.284720525164465
14.300898363982075
14.342986681537118
14.371239909005475
14.346960443770747
14.31256153308362
14.402374271592306
14.359373753965555
14.25663774913907
14.160774475116535
14.028852786804887
13.950552128826937
13.917252149691075
14.017194542592637
14.079778673834728
14.04009183684163
13.922509205199713
13.84777529166381
13.940927170913593
13.990460802266139
14.014523331577253
14.014350800996736
13.958611631516337
13.960473556586035
13.973189997160425
14.013348689348774
14.056144751974015
14.126461962059782
14.200981757851306
14.232174214505696
14.233166596420151
14.237284285470961
14.339524505712184
14.24643609973238
14.19610673979845
14.33564190804075
14.397837897760228
14.380597085787906
14.229952126346461
14.145587986637713
14.229828785838535
14.227443930475285
14.38231777761338
14.461786511859833
14.44029961329575
14.467887273592135
14.502514661740543
14.5897252809019
14.672364439932313
14.791622344013145
14.830460377526922
14.878464200599094
14.919491554584416
14.900690283639724
14.812651704595577
14.72047903595115
14.62461807448019
14.560576654143212
14.476461235558377
14.487789342602438
14.49869527315205
14.538915415877094
14.576395286627836
14.528372041500322
14.474101170134357
14.488324305223829
14.569227170238806
14.66224934311245
14.631418125240847
14.582978007537465
14.460555197848128
14.299465650117885
14.333187534818702
14.387199905598775
14.311475832802772
14.228487174953829
14.10565898520023
14.11983228175707
14.146366039766319
14.159421312543301
14.109530129068874
14.13117198276018
14.121405039551505
14.163050488381707
14.140156544071747
14.190981047225073
14.33006637670772
14.273037888696233
14.083097689889549
13.972968874950348
13.976119644427014
14.064696331158332
14.198777617775656
14.22082289023207
14.272496768214156
14.307127023312571
14.310678670146928
14.221485866586368
14.135545516576219
14.06720386956256
14.104802525541071
14.078509914793178
14.084786092211036
14.090735419433125
14.162915624219501
14.327792690661845
14.371685448673281
14.333626620458451
14.22976682810653
14.108734934399996
14.075419952221203
14.02033384921882
13.985978062122236
14.033294938980712
14.081462363761988
14.159076881680996
14.260917458360684
14.243801300816216
14.237009686945196
14.221091083164737
14.138733849777335
14.187328973988445
14.225274795357926
14.222934159744876
14.155708858037695
14.064572461697866
14.015044044688532
14.033621724568931
14.011963029822857
14.04331828115745
14.003840769814651
13.949012673118236
14.005660209849768
14.102761995390592
13.998269852904038
13.905980936558619
13.824298698840906
13.838425028697555
13.843050848449801
13.855208045258987
13.794096855833828
13.772889837533741
13.768598389950935
13.785084458360645
13.771588875121859
13.74986961783526
13.715729218113548
13.710820122303284
13.618999286491734
13.525346293208802
13.573605752369062
13.710009911572454
13.7307301549615
13.740220991995669
13.733810378337994
13.643776820388624
13.67601139851056
13.728201668135016
13.785263781926865
13.807391447747802
13.920643597774031
13.941869053295985
13.99923010076496
14.071295021793224
14.154362851807058
14.154912525638936
14.089468548614612
14.038429924213613
14.03111649191931
14.072346450803906
14.121669371187789
14.055896505594616
13.993067807812938
13.96847864227463
13.967870694866864
14.004514824492357
14.138524259459526
14.238644732757322
14.38394307464466
14.45979540682841
14.582707627291498
14.566253418978318
14.515756302980574
14.391531782376017
14.276426149153858
14.304087527950873
14.362911373360582
14.373024725683626
14.305080063712914
14.270956894216985
14.23166133139746
14.156940661062649
14.17284297441759
14.252485615648018
14.310899827481727
14.336274948193516
14.307035799798012
14.316656469014546
14.360664914346387
14.36270469448235
14.373116255799012
14.427124752595098
14.48871941285194
14.657357983708803
14.737614366726868
14.69999254571868
14.667706989180612
14.681802219525947
14.67013556561451
14.62205956601583
14.587531571210178
14.624236780292946
14.649105574117069
14.630423897302427
14.58600138770824
14.498358645831509
14.310059756028854
14.24600737749175
14.307397929435819
14.284146335475343
14.325363465254771
14.372324999461998
14.45069356035198
14.581260874540696
14.582739574215832
14.497225838435142
14.430471359843498
14.34288993239672
14.25763813385281
14.282109811065256
14.3030463024459
14.460016762715416
14.574551248548598
14.610735536337716
14.57383262796149
14.505753317429336
14.43605978354653
14.291453617894158
14.239931164299476
14.22280650153359
14.17049069541324
14.186164289428762
14.186001396440233
14.077470713459219
14.039629393983938
14.013207238203915
14.09749263650703
14.182868675657566
14.279370387903324
14.36756915104323
14.445909675394235
14.50111765901544
14.47088368049584
14.480585523960775
14.516752785311958
14.558368158494465
14.678333492897599
14.889369053970073
14.963249100359043
14.806108074566406
14.753009628383303
14.740906798244698
14.693005875440278
14.662878743334291
14.57566511529133
14.498963207945375
14.503451734048985
14.506890580581935
14.407614749769898
14.428039854603414
14.447067666069062
14.450835413224139
14.42300459130395
14.48983083440701
14.54344031566782
14.55550843732001
14.58117165475653
14.656327624711322
14.611919550936294
14.506830537972068
14.533768057862014
14.622867921458164
14.563639280105267
14.56998352783372
14.522714786679957
14.511999369245785
14.5138261111689
14.512671009064787
14.466485853056358
14.422956139209283
14.348758532076005
14.347916898712892
14.366368177904786
14.36901507370887
14.419644467959868
14.449902487193235
14.408290706995642
14.379111746177955
14.388378703601147
14.306695486013552
14.386030051481871
14.4227500612962
14.37258203800978
14.357741493535928
14.375693745580236
14.360436879781316
14.279669910538741
14.256299773651149
14.25914872594359
14.231741385254317
14.167086926998312
14.17738366765263
14.194237244461307
14.244698435181645
14.192277689410865
14.18146065163004
14.276608840812822
14.250043441625627
14.20124261193689
14.15417293968273
14.06642760990871
14.007762703633134
13.886875870219713
13.75766999168313
13.691834837626315
13.58291881097374
13.47997937780965
13.53114519074048
13.47030277538751
13.475169886345736
13.472995094095872
13.303798207963084
13.282555487314008
13.370781528193062
13.535060876886465
13.536197219293133
13.531245604322743
13.48549699694962
13.48241387127369
13.379476612128876
13.36427530104657
13.420863677920256
13.383447373609652
13.405802039624506
13.526951569781488
13.587265241893832
13.671524054336738
13.800759964953038
13.807407027635161
13.703434174636023
13.667302564398634
13.639735844355751
13.628394310051604
13.729599310328965
13.867968844288542
13.957963210821
14.04965641748134
14.079122437918194
14.109319413850793
14.045165164911335
13.86108437399077
13.820223108820501
13.7034714964641
13.65225358397224
13.642118220613979
13.654546353029886
13.621897876563072
13.636179122703517
13.592866845980689
13.595270300702087
13.622438396693653
13.50553648031692
13.440749102252076
13.508979971934476
13.472537138056813
13.528423526365447
13.489955481595429
13.4444604404754
13.44375103868043
13.338332655389106
13.23178467939311
13.286124270232706
13.332149349578678
13.376352946696597
13.582807003124381
13.612550236124259
13.640177353964527
13.713934402410967
13.740336123985621
13.723852128504383
13.640562315530383
13.713563087880303
13.769688867273882
13.793773871882923
13.734638541400656
13.705552601437715
13.784305043454268
13.862207942041309
13.866784149021242
13.886215914465996
13.886002475613486
13.935865071894886
13.910305687481637
13.913347667691728
13.9058968577838
13.902366884609286
13.863204210517617
13.870102340116713
13.797417259212123
13.8895841880519
13.93986816037239
13.937542008351349
13.998624138032422
14.036611989585978
14.031572933103998
14.036158819683038
14.007783024421379
13.90617526897652
13.743501072778146
13.633499850868972
13.581876826601327
13.430430603676383
13.282948136953605
13.215222616462905
13.240746158078485
13.347880275644094
13.444332793848657
13.498852884029564
13.552686584806318
13.633043079127201
13.698677183218548
13.651308472766889
13.60468987885045
13.618821666324168
13.60899157066319
13.619928923075692
13.609285901309498
13.809219419244354
13.830237806081461
13.80142589249233
13.802727091021216
13.758768674320377
13.775634534454362
13.838179887175405
13.871561865404152
13.807745830966168
13.816738404598464
13.812541588896606
13.861695304869835
13.86290045448808
13.909580307240098
14.017648773014553
14.074107633711911
14.00736447484062
13.96182980359101
13.973297783335836
13.952556135213738
14.017239051976082
13.963811244841159
13.933100292326065
13.953546726043244
13.923978035150606
13.873563005116688
13.877589730605706
13.860885424698692
13.864960677568794
13.800847793888167
13.690886087782042
13.675829246191197
13.770402483313683
13.85443838156331
13.796333235308058
13.717665870900555
13.751782498996949
13.856382724412017
13.861787087974015
13.817697897067356
13.803683585875849
13.95672870307103
14.137609064699637
14.198562485554344
14.152627035642972
14.219199918045058
14.175730515212116
14.11785832321537
14.070539369637087
14.08453852102297
14.121111835428495
14.132314011401315
14.047392207550386
13.903204310886226
13.716756395489327
13.637701104579488
13.601973855179413
13.599593593572948
13.688633690200176
13.806701274152037
13.829656421433116
13.783326652806943
13.761878005943057
13.806921409005215
13.867043933618547
13.944824326334592
14.055106220568309
14.10374659458937
14.132130750386297
14.100865067623163
13.995534263345684
13.948179492352986
13.95046659508094
13.865926019077964
13.922841559857256
13.921802776720227
13.769890974571538
13.785231826457125
13.804470284593855
13.874810001930976
13.91918441859661
13.958193132550168
13.98156288114649
14.044093053819166
14.144710935074047
14.243099746546012
14.36159953066736
14.390739779718393
14.397650127480699
14.440943598406951
14.451687464828657
14.507775819963102
14.514825450978828
14.563917172277675
14.552442306305078
14.539200784659108
14.545614246004083
14.65238914688785
14.668719584391724
14.649361291484617
14.672174672015482
14.628532952617473
14.616130410933064
14.575664168505204
14.56663423097708
14.599615950460894
14.514186489991019
14.37660067779336
14.273485514948089
14.30684796244061
14.293275886037826
14.309587328769913
14.281155955040678
14.303191864816872
14.237731254424828
14.314344570436496
14.304448486030852
14.25424276215107
14.256978751782858
14.327344939636074
14.301424750574368
14.266971026692964
14.288570848829211
14.316576144361687
14.344237694253954
14.331447836494124
14.261946229961922
14.233315956655275
14.218784772879278
14.078139377694988
13.892876667758866
13.870395306497212
13.83961619848824
13.870303942757484
13.809685195741569
13.86158661288015
13.806372696032053
13.804311282233895
13.912644868669165
14.057570529870338
14.09028373646257
14.051792290472703
13.997665118409005
13.972033307980231
