0,0.012864643149727555
1,-0.009127150510567386
2,-0.01848021943083249
3,-0.016240037255590502
4,-0.0067345961776350514
5,-0.009443369712205985
6,-0.0042098941996801375
7,-0.003342625876732021
8,-0.02460364301963413
9,-0.036517749568249505
10,-0.03721805656805246
11,-0.02676393916314406
12,0.0035444232296073675
13,0.008439834252309479
14,0.0010287109080672737
15,-0.005422010585136716
16,-0.006521631253178096
17,-0.011011860736314674
18,0.020167921687060227
19,0.023021742713722274
20,0.026251366571953334
21,0.02810957209913324
22,0.028509842568319368
23,0.02931989342480749
24,0.029936066680430497
25,0.029366551120959334
26,0.02927903740162793
27,0.02591627348249896
28,0.020874000656758845
29,0.012146115257699933
30,-0.004031534412856521
31,-0.03208686151990233
32,-0.011100461943039895
33,0.014895055141990805
34,0.013718660654219509
35,0.003892766657793403
36,0.004988023179226535
37,-0.014378396381556524
38,-0.03743279672440803
39,-0.03516882739966308
40,-0.021635943316486092
41,-0.010578973872297764
42,0.010506559394786452
43,0.019421020067523904
44,0.021326746038782075
45,0.021132503650598627
46,0.019903183736167947
47,0.019619595019584997
48,0.017949265132792585
49,0.026804311115001422
50,0.030019814200365032
51,0.02940072404016224
52,0.02963004454967964
53,0.021773467677151978
54,-0.013036390157526924
55,-0.017870003181163933
56,-0.03150253501140826
57,-0.03979838262662561
58,-0.040460532701006795
59,-0.041037901737381526
60,-0.04117992612073546
61,-0.041307235772869225
62,-0.04068639572822796
63,-0.03963948977877605
64,-0.02984195064343214
65,-0.024093851424689165
66,-0.011139059346343027
67,-0.0025957498878854566
68,0.0036691274770127343
69,-0.00939654660741521
70,0.002296359026680652
71,-0.003370398150350338
72,-0.029754211314046833
73,-0.03553847604621892
74,-0.03693004156581982
75,-0.03217496095395747
76,-0.000959564775116811
77,-0.007937321921063048
78,-0.022844657464648168
79,0.0019365474187925799
80,-0.001366420014927699
81,0.006430098973349817
82,0.026749146310960016
83,0.029238979788545855
84,0.028358654745863823
85,0.032365214772367486
86,0.0325789264086092
87,0.0327841992103687
88,0.03299809691814109
89,0.032562653043530974
90,0.03184939146301529
91,0.030593029108497465
92,0.025228611599020276
93,0.022046198368525415
94,0.03196592600244726
95,0.03088180997638904
96,0.03136385664865641
97,0.03291374333642218
98,0.03322943153944151
99,0.03306623385475572
100,0.03373676489640391
101,0.03388559276174097
102,0.033180876370864254
103,0.03431812024326926
104,0.03367162954199256
105,0.03320455522974889
106,0.033117714474962014
107,0.032523650996284306
108,0.03092971468768498
109,0.02858288482722662
110,0.01962458165891655
111,-0.009595003011798737
112,-0.030031129616452372
113,-0.016992051556123218
114,-0.018363276998996234
115,-0.03490302026061944
116,-0.03733221423009973
117,-0.03804517559869823
118,-0.0357145339679837
119,-0.03908504873254431
120,-0.03898867159993089
121,-0.03902191906394831
122,-0.03866331484597752
123,-0.038225591233830375
124,-0.038044845551749265
125,-0.036185021176055744
126,-0.0371831630619268
127,-0.03597016463253777
128,-0.030429792817688796
129,-0.020469632058230044
130,-0.019757904675147032
131,-0.037386724139704314
132,-0.036467373079005404
133,-0.03915068024649008
134,-0.030122313771588444
135,-0.025550115076693587
136,-0.0351042612645946
137,-0.03928669614427106
138,-0.03707516484145336
139,-0.03296737207828304
140,-0.03368376728010599
141,-0.018918840497054095
142,-0.019016996627260224
143,-0.011218786224109769
144,-0.02281433623772004
145,-0.03557312214080483
146,-0.04043970660723201
147,-0.03879780983874515
148,-0.038535238040914056
149,-0.040832634389273426
150,-0.037603650515205804
151,-0.040307861254347696
152,-0.024048060179975232
153,0.0071068756049593495
154,0.015259671894860386
155,0.024578030655945098
156,0.026946031157809924
157,0.024728329312100727
158,-0.0037787274240326744
159,0.024649754755146573
160,0.032574414420350334
161,0.03249671720862595
162,0.03168289629970313
163,0.032303875832681794
164,0.013417187095585401
165,-0.00043106275026760094
166,-0.006811147443615266
167,0.006446450024085853
168,-0.005181323005715218
169,0.025300348823767922
170,0.022882680963652136
171,0.023916148267328446
172,-0.007198022874441351
173,0.025574426704556626
174,0.02206472538882798
175,0.0016409562647357046
176,-0.011773267984320487
177,-0.01739253038496441
178,0.017839944049675698
179,0.018646787252154445
180,0.017502397605909433
181,0.01831161816404788
182,0.020325132280297028
183,0.02350227511770413
184,0.02647664891315641
185,0.013744173832005855
186,-0.0036532010465906394
187,-0.010700437414254462
188,0.00266207955680683
189,-0.0061465791406973246
190,0.029668295377268398
191,0.031510988171216406
192,0.03139167502721977
193,0.031095903661535768
194,0.03085572025188978
195,0.030832492239069937
196,0.031610803492041935
197,0.03117341866950787
198,0.03105447982247386
199,0.031073828266023434
200,0.03003637734346112
201,0.01887971700077843
202,0.00407642071485412
203,0.022585408272928993
204,0.028709698753130824
205,0.030584979183108655
206,0.03105472590613628
207,0.03152483187027239
208,0.031829619239182975
209,0.03186892736627756
210,0.030935233990358534
211,0.02785528938961287
212,0.018070951125284056
213,0.02630333217736562
214,0.02907156893122297
215,0.01872003262612879
216,0.0023272569821070404
217,-0.0009208765710577542
218,-0.03401998614413554
219,-0.034911752100446225
220,-0.02620569621676682
221,-0.022886389923357373
222,-0.016676092984784244
223,0.019600101914566095
224,0.021069946120956473
225,-0.008780241007708106
226,-0.025818781075525106
227,-0.020329165090527075
228,-0.024690305419003515
229,-0.03541578215022179
230,-0.02682830275756638
231,-0.0022808658930281132
232,-0.0005452090732321552
233,0.006159198838513656
234,0.02349813385250234
235,0.030427668906200706
236,0.011665930633471086
237,0.014282951442493756
238,0.031898514247427304
239,0.03243253023865417
240,0.033374069616539125
241,0.03348933966345252
242,0.03249047369112207
243,0.0331491125298197
244,0.029283498906745028
245,0.0015925879191077096
246,0.001207973221068549
247,0.002307363336484531
248,0.007350069389734094
249,-0.025139827102931254
250,-0.01737494834693058
251,-0.02435709200734317
252,-0.02389779441130393
253,0.009702216074869489
254,0.031123449612690066
255,0.03309442130323549
256,0.03394679880014968
257,0.03400107379206431
258,0.03420869893871608
259,0.033562378770896364
260,0.031724042444478615
261,0.030625922908057084
262,0.03141547770677396
263,0.032333083212132505
264,0.031009956824715145
265,0.02399817798663262
266,-0.024376530383883974
267,-0.03545377897009171
268,-0.027515923236069165
269,-0.021475363556973947
270,-0.037731545592126166
271,-0.03585113478477739
272,-0.029810894844892525
273,-0.036928628378364955
274,-0.037106183764718005
275,-0.03376601035609805
276,-0.005175042819840428
277,0.006196858668051323
278,0.004650610669858001
279,0.0259864457625891
280,0.030151421649643195
281,0.032314001599220765
282,0.030540715261689787
283,0.030652686360938198
284,0.02909158779544072
285,0.017819493508441416
286,0.007689116023404008
287,0.011509850374785194
288,-0.029290377342537397
289,0.008946088175929193
290,0.028541884045594632
291,0.030126220297859923
292,0.02935643787782514
293,0.02927046855089258
294,0.029776315065656814
295,0.026417919261385852
296,0.018388798340962815
297,-0.000240667102851015
298,0.005249409399307827
299,0.002651296557217686
300,0.012945527026873165
301,0.01744692135239303
302,0.010758253658067672
303,0.004798926466301688
304,0.0011573273905008596
305,-0.016263371811192803
306,-0.04035180016804444
307,-0.04212890560266267
308,-0.041646345821858805
309,-0.034512383948273447
310,-0.02991748145218365
311,-0.026515220491560115
312,-0.028096503806574358
313,-0.02989946585231358
314,-0.029678601766608238
315,-0.023070717258660542
316,-0.034563777411284656
317,-0.025135962152198554
318,-0.021406201418863936
319,-0.02229852159991679
320,-0.021929159575589174
321,-0.031179727782106814
322,-0.03707236792285215
323,-0.03390737131363872
324,-0.021044825769158036
325,-0.03425624672122647
326,-0.03418762425402678
327,-0.0022730043359801165
328,0.024150898422472
329,0.029859192731793095
330,0.0304206368405532
331,0.023848638079698305
332,-0.005365957035201678
333,0.020485360329730914
334,0.025597627653615576
335,0.027596527488623217
336,0.027489463717571466
337,0.02631305064863756
338,0.027197349993476307
339,0.025025768570039936
340,0.02169579277381396
341,0.027393962153639616
342,0.028737154805808098
343,0.026065760373401973
344,0.0215014176731014
345,0.01599189194745482
346,0.006637486961311038
347,0.0009145165044148491
348,-0.0047515207945778085
349,-0.003987161911536064
350,-0.017127575171745405
351,-0.007237557606523564
352,-0.004834618832085298
353,-0.02195994961009686
354,-0.031632798266550306
355,-0.013477864096760332
356,-0.0222834889311261
357,-0.015044600502861116
358,0.006566713770169778
359,0.0253704353754369
360,0.02900143142979542
361,0.028986059219621958
362,0.029602376883353678
363,0.02969844834594067
364,0.031193670599611836
365,0.03090256680337008
366,0.030767084077083322
367,0.03051758671213155
368,0.030306175683767946
369,0.030191638356647833
370,0.02981207498290984
371,0.02817063172190688
372,0.029369442149431043
373,0.02898842811106472
374,0.02893337993039324
375,0.029588254847408162
376,0.02869417344554764
377,0.02706186470213654
378,0.028373425396988856
379,0.027587771610935338
380,0.02591605166321067
381,0.01285520168025607
382,0.01056667081398896
383,-0.005551014235147965
384,0.022675233145050742
385,0.02704528328465717
386,0.011864753385552821
387,0.008827805768038242
388,-2.404185536209304e-05
389,0.02520729085830648
390,0.015173168854500388
391,0.0037638996147291177
392,
393,
394,
395,
396,
397,
398,
399,
400,
401,
402,
403,
404,
405,
406,
407,
408,
409,
410,
411,
412,
413,
414,
415,
416,
417,
418,
419,
420,
421,
422,
423,0.0031938437225279255
424,0.02193864410497978
425,0.005581971566359169
426,0.01915892095826664
427,0.024968230527054547
428,0.024822105577399608
429,0.024809786995812346
430,0.009352553123365904
431,0.010225994783055251
432,0.009340605858624052
433,0.010811627766550674
434,0.015095124324358899
435,0.011973537582505408
436,-0.015798634868853512
437,-0.002186811986501341
438,-0.014181001494449494
439,-0.020178856465384646
440,0.0056757738365721755
441,0.0016510898896846442
442,0.015562228319700507
443,0.0086858573887993
444,0.00022291494317436744
445,0.006977870207048316
446,0.01460465172250168
447,-0.0016324570465056961
448,0.006334841203426545
449,0.02144974028349641
450,0.020667337930218216
451,0.017399525713199564
452,0.013388491690992113
453,0.004261108634635005
454,-0.02835684442746064
455,-0.003689830633926977
456,-0.0013124279997046425
457,-0.009564581668535724
458,-0.021086099139947335
459,-0.027267448334934934
460,-0.029830764242171237
461,-0.030676312509701768
462,-0.013842742195767775
463,0.014679268216338595
464,0.01721750162549756
465,0.016801558534626386
466,0.0165913006117178
467,0.017029561478443
468,0.01716164322586777
469,-0.006065051445767775
470,-0.006727499696482526
471,-0.004500511763897359
472,0.016225550993845508
473,0.006563484549018654
474,0.016299623495602576
475,-0.0004888748142946263
476,-0.011715119774408839
477,0.014133824255879921
478,0.01706629964823512
479,0.0037408485661333006
480,0.014247169831320853
481,0.01671339111537986
482,0.017093321079482665
483,-0.005399427760935982
484,-0.006160806964656896
485,-0.004135841799155664
486,0.0031377782715273344
487,0.01766383478314981
488,0.01761522543391792
489,0.015532296024914547
490,0.016785064287720638
491,0.017181822835824388
492,0.015510260494353802
493,0.007646808963397524
494,-0.03735343169533956
495,-0.03875637859504822
496,-0.029573713957777716
497,-0.03176737835873206
498,-0.04039258673420694
499,-0.04026375078508474
500,-0.03711513993440942
501,-0.02707218708485816
502,-0.025521530965379652
503,-0.0333653068633646
504,-0.02572724118579433
505,-0.023674093920141644
506,-0.024576925799422916
507,-0.032761049301170166
508,-0.011063093182023157
509,-0.012939371546102078
510,-0.023878185241315582
511,-0.002227443511148979
512,0.01252087315844417
513,0.012713204138000967
514,0.003726537456561341
515,-0.012785487321206983
516,0.011729521475026015
517,-0.020972070917675143
518,-0.011706155392778379
519,0.01587531091118074
520,-0.030426456842554152
521,-0.03555274390324444
522,-0.03541129023373688
523,-0.033431945060341056
524,-0.011740469239727845
525,0.020782918100628895
526,0.027000264307006427
527,0.029095171776785524
528,0.030960828369263813
529,0.03275243818609338
530,0.03358871267202446
531,0.031583317158668904
532,0.03247628797078019
533,0.03043548658128827
534,0.019758457689682943
535,0.03130104190260039
536,0.0304603177262552
537,0.03309255394562691
538,0.03300553415249835
539,0.031911444170715474
540,0.03207308280648503
541,0.0333212002031518
542,0.033889145163858374
543,0.03357689023740415
544,0.03265471590978958
545,0.029650598854387932
546,0.025796730049255125
547,-0.0045065603263923035
548,0.0027114893394575056
549,0.021036467630709554
550,0.03216763060848589
551,0.03369559316376876
552,0.03353810514326193
553,0.03325615464007395
554,0.03398337868340398
555,0.03400203877572579
556,0.033727523872278
557,0.03444475903486662
558,0.03367013880692173
559,0.03333079234553927
560,0.0347985865953919
561,0.033904447968145415
562,0.03400597168626169
563,0.03423814276187206
564,0.033830515646818944
565,0.0333211133807979
566,0.03365812458120062
567,0.033138543169562946
568,0.033160586916218454
569,0.030518699805384467
570,0.03276266716152802
571,0.032897197597404323
572,0.03236065597901778
573,0.03325443169194877
574,0.03264168854318929
575,0.032885472114031096
576,0.03335337321140095
577,0.03244196095522888
578,0.03168450597907455
579,0.02919581844427799
580,0.027247809308452667
581,0.025128070197101962
582,0.029316057849805854
583,0.022962519534179514
584,0.027206097213690023
585,0.03215499647446092
586,0.033251585226825545
587,0.03502312467962346
588,0.03364283705710571
589,0.03497259191192426
590,0.033335870074739586
591,0.03428685541902785
592,0.03421162562073917
593,0.03361324699094766
594,0.03389810363973242
595,0.03532378350087766
596,0.034875559499736676
597,0.0343256275965386
598,0.03287275945343105
599,0.007201510677533278
600,-0.017189526447635974
601,-0.006749813204951105
602,0.03187443682164607
603,0.03386551930554604
604,0.033677359555810804
605,0.029638279119345867
606,0.028084508584616277
607,-0.023699026055875518
608,-0.023252743727317584
609,0.0015626470914775724
610,0.02800239745017993
611,0.03295208273642154
612,0.03382083437118994
613,0.02749555898483746
614,0.017098501066581184
615,0.0032911556954132466
616,-0.025324938752963665
617,0.015787459416464086
618,0.005146585114179651
619,0.019686742116329016
620,0.0183292636212004
621,0.010498538788623266
622,0.029526680981129327
623,0.030740021789910397
624,0.027327113788242097
625,0.002254374144181428
626,0.030129385388524863
627,0.030065416532811823
628,0.0288836595535969
629,0.03120852206673427
630,0.027206548978158603
631,0.03110441461768176
632,0.03247766803743221
633,0.031421562473590035
634,0.028807136686886888
635,0.013170548868241632
636,-0.0250411157792616
637,-0.03254706032730727
638,-0.028043663388376605
639,-0.021132585062840333
640,0.012781418010652773
641,0.012329018673789643
642,-0.020581689998430814
643,-0.02911298559570342
644,-0.03683108628132773
645,-0.037144987422001084
646,-0.03209799058075495
647,-0.01341204004733914
648,-0.01636891248865489
649,-0.03259286934154008
650,-0.037076683192887504
651,-0.035602238479671734
652,-0.03582895475551883
653,-0.03074125709323147
654,-0.023681208028002203
655,0.014882876738914332
656,0.026636260714947013
657,0.029415779145665653
658,0.029969387576806127
659,0.03388718152168633
660,0.03292503374082583
661,0.034703921448416504
662,0.03565754804808787
663,0.0357179437182714
664,0.034995640366127775
665,0.03547587770789024
666,0.03536591767508513
667,0.03430451052773168
668,0.03503668434624232
669,0.03460840714400943
670,0.034732334714399724
671,0.03334493687954612
672,0.032070075304304294
673,0.03168901037611068
674,0.024036730159233913
675,0.011982515917967826
676,-0.0010111428377225637
677,0.030995570393677518
678,0.03382483292804025
679,0.03246094041063659
680,0.034724418225214514
681,0.036040837144230606
682,0.03624503106060296
683,0.035901774833054054
684,0.035893698892208545
685,0.03461296251678301
686,0.03178599068481555
687,0.031852797675296335
688,0.0336815225224671
689,0.03429034862910402
690,0.03423706696766845
691,0.03488285694120409
692,0.03267729235409996
693,0.028115123061931726
694,0.013205085688238326
695,-0.017890591486399536
696,-0.0339819686105163
697,-0.0345282609943538
698,-0.033739388924474034
699,-0.030754273752301026
700,-0.036010293588192674
701,-0.039629266650835895
702,-0.040694167862641344
703,-0.039956088715289356
704,-0.04011454312480383
705,-0.038421067171770705
706,-0.04033900354058971
707,-0.04052934185266507
708,-0.0412881580841932
709,-0.04152031907619565
710,-0.04059027507589294
711,-0.04156822827626273
712,-0.03243391132034354
713,-0.018326716119439417
714,-0.017058828352191382
715,-0.014988957704463322
716,-0.01652129704792393
717,-0.019055095124506878
718,-0.03503855715995564
719,-0.04090645328979863
720,-0.04080737747677938
721,-0.04150177192900595
722,-0.03959295731266276
723,-0.038229388044210375
724,-0.03169404875864144
725,-0.03216509788697816
726,-0.03178904229205475
727,-0.021023632389326745
728,-0.014743486426811416
729,-0.017900599718086444
730,-0.02853210883875284
731,-0.034625921372402634
732,-0.02675353216954695
733,-0.027884602692518908
734,-0.039444560110959856
735,-0.04075550257966022
736,-0.03957801616022437
737,-0.035817149373543244
738,-0.0372912041113583
739,-0.0370123263982278
740,-0.03818172577876037
741,-0.03251554004256904
742,-0.031927294658620174
743,-0.03585202765225654
744,-0.03564365019016457
745,-0.03064005809004144
746,-0.029509099270213293
747,-0.032087901357925996
748,-0.03543716395829024
749,-0.035375955861271985
750,-0.03287143839068513
751,-0.035881847587566594
752,-0.03462272543853106
753,-0.036110960680005244
754,-0.03031832202992274
755,-0.036214668823274385
756,-0.03839054818503698
757,-0.038312580352874805
758,-0.03835966741849564
759,-0.036657669841836306
760,-0.02744062859411844
761,-0.03288579143595746
762,-0.034846285772666054
763,-0.03521028889959079
764,-0.03695978175486941
765,-0.037526905216305285
766,-0.038828370978501475
767,-0.03799497614099503
768,-0.03636719119875749
769,-0.04230286673226465
770,-0.022359651138404334
771,-0.0011190188297075737
772,-0.0013890417627278376
773,-0.008696609822351844
774,0.011085203630611794
775,0.013252623294492866
776,0.018284194315657636
777,0.01935191259103979
778,0.02405352108475014
779,0.02720529684009509
780,0.027431798427316387
781,0.029337215949978537
782,0.030764548521493133
783,0.030470375968631478
784,0.02986135770811581
785,0.03009733774669397
786,0.021212915981603565
787,0.012446486662736848
788,0.004002460594957746
789,-0.011129008892905985
790,-0.007328452099807366
791,-0.013974950373312183
792,-0.023264053829764497
793,-0.025474259704716014
794,-0.03345228870098486
795,-0.029841098023316682
796,-0.03666047283323652
797,-0.036831418143748386
798,-0.015339924067809117
799,-0.006152039099688401
800,-0.014072009569597956
801,-0.004018449824225509
802,-0.0017962142168132663
803,-0.0042774899700048505
804,-0.004388497655906045
805,-0.005589823796987667
806,-0.009682813542555796
807,-0.027249385409906887
808,-0.036241450767268896
809,-0.0336503911588014
810,-0.04233039155455908
811,-0.03673151351639812
812,-0.028075736466127415
813,-0.004804121831084441
814,0.0002149455374816176
815,-0.012241665314251325
816,-0.003808298746502286
817,0.0030946857301731613
818,-0.017955499622872392
819,-0.03143614148703075
820,0.0026814716481333893
821,-0.008383813455505484
822,-0.030889048537641794
823,-0.002719158169984532
824,0.025795093054492436
825,0.03346008356849941
826,0.02633182231672974
827,0.007336540578454692
828,-0.0012205902648650025
829,0.027535756484985564
830,0.0344836487248469
831,0.035905166822898175
832,0.03595306072590638
833,0.03576372086206915
834,0.03605841370913173
835,0.03628076875630707
836,0.03651345787379745
837,0.036604575114069476
838,0.03649649083305513
839,0.0361867975751613
840,0.03347400934808961
841,0.03602928594147435
842,0.03633000486470972
843,0.036208758585511445
844,0.03585630159669847
845,0.031567635260066555
846,0.014028770985568765
847,0.031823858521970796
848,0.035443373612578336
849,0.035055052604021704
850,0.03451976530893556
851,0.03255407844505501
852,0.018827281671397484
853,0.008577377210413541
854,0.010646438858916508
855,0.03192749820496127
856,0.028955659587408252
857,0.01817940066797509
858,0.010207301542052221
859,-0.02394349614959161
860,-0.014855755425600893
861,-0.01458312420193163
862,-0.004083417518273825
863,0.020735591940361203
864,0.028143253311986523
865,0.029849671023072486
866,0.030123031327296493
867,0.03269369874962481
868,0.0339625298301502
869,0.031204301033058848
870,0.03239666090934002
871,0.03264977265784708
872,0.029787519395558893
873,0.023033641319870155
874,0.023761815981697906
875,0.025224752819582152
876,0.016747375774348965
877,0.00864607556580949
878,0.007127702764579121
879,0.003590503139845152
880,-0.0017852920111767316
881,-0.03838023881390176
882,-0.04153624847233004
883,-0.03649180585153341
884,-0.042635121096354395
885,-0.043091178745356
886,-0.04282444838405383
887,-0.042064502144500165
888,-0.04190386848842647
889,-0.012437137474586867
890,-0.0069068329445585025
891,-0.013273292029765588
892,-0.021707748224215298
893,-0.03676276230598436
894,-0.036933547243590346
895,-0.0368765404795104
896,-0.03189292221505503
897,-0.03503637953881516
898,-0.03454657116365149
899,-0.03536097807834163
900,-0.03511677335928532
901,-0.03261672798168587
902,-0.029903153554888637
903,-0.03066577196552056
904,-0.029198309602912736
905,-0.03364032123758479
906,-0.038540329190821274
907,-0.039078320661965246
908,-0.034123823301470936
909,-0.033039567595579196
910,-0.03744015877998267
911,-0.03904477629171029
912,-0.019361707758886695
913,-0.03180417716217223
914,-0.037395886661434
915,-0.017155316105786217
916,-0.008096047566736389
917,-0.011598390814285556
918,-0.014959311654225805
919,0.012103083658327265
920,0.01914201591056558
921,0.020641560044157597
922,0.02302715341911946
923,0.020679458201075578
924,0.016911388615821706
925,0.004877398024301676
926,-0.022254567167099785
927,-0.035054446203379185
928,-0.02792905776779885
929,-0.036442214584902224
930,-0.021904292243162007
931,-0.006130928939624284
932,0.0038568621121753913
933,0.0007883030803154771
934,-0.007080690753093707
935,-0.029781507141766986
936,-0.033426274649456016
937,-0.03616501859245818
938,-0.03866882674308292
939,-0.038600140779060876
940,-0.039281098452065885
941,-0.03564822046943416
942,-0.038618364262865995
943,-0.04079311068070006
944,-0.04054899332114211
945,-0.040437355115343264
946,-0.03786189255329117
947,-0.029077146567575547
948,-0.031073635330333502
949,-0.019227723809193478
950,-0.02788565559090881
951,-0.030443915691780166
952,-0.037134387791707635
953,-0.014861495356959156
954,-0.0344620090161845
955,-0.018192726446633764
956,-0.01232425350961212
957,0.012235240764601203
958,0.01477683167074112
959,0.008305016594753505
960,-0.01945043830640976
961,-0.03709122390812132
962,-0.03271778832950385
963,-0.03035533252664143
964,0.025381821779223584
965,0.03014189805175366
966,0.03018818808744941
967,0.028639150249525822
968,0.024357713747235686
969,-0.01871623810771856
970,-0.03796217154490021
971,-0.03073260781297283
972,-0.012373531099628673
973,-0.030960787710384075
974,-0.03863269721565478
975,-0.03676835219498703
976,-0.038002078349757856
977,-0.03631153883455043
978,-0.040740749413567805
979,-0.03882092165655173
980,-0.04209970797151355
981,-0.03731924491039531
982,-0.03814170636289625
983,-0.04042560074597438
984,-0.04061722845142449
985,-0.039355079765733714
986,-0.04005323707644481
987,-0.041008644169860047
988,-0.03547051227601737
989,-0.03862220792120405
990,-0.04159237264273189
991,-0.0424065949954744
992,-0.0431272830150939
993,-0.042923945153985676
994,-0.0433176276948441
995,-0.027906880118575658
996,-0.013257125824870104
997,-0.004409533604976145
998,-0.01964815597441671
999,-0.036339408724996754
1000,-0.02022588079660375
1001,-0.03107413354050874
1002,-0.00247800956116115
1003,0.01870008479821023
1004,0.022191201039924342
1005,0.02658597843757602
1006,0.02629714681414652
1007,0.02666553055375318
1008,0.02702079307530893
1009,0.02596223583601987
1010,0.01499798756252406
1011,-0.02411569480977635
1012,-0.014881327805475245
1013,-0.034482645904301355
1014,-0.04185374802558094
1015,-0.039134134874065904
1016,-0.040089956729636
1017,-0.04173149384938158
1018,-0.03783344376806517
1019,-0.04064033546207301
1020,-0.04055986764084187
1021,-0.0402699265551363
1022,-0.03927016678983197
1023,-0.030090782113720335
1024,-0.023948766839658686
1025,-0.024187344543244355
1026,-0.03485196129669066
1027,-0.040417906214666406
1028,-0.03705442130236903
1029,-0.0291108332296475
1030,-0.028307630099585264
1031,-0.034473453547422504
1032,-0.03169480245177406
1033,-0.035255747159312414
1034,-0.03552908040102351
1035,-0.03468098496601936
1036,-0.03392792186541073
1037,-0.03394071009451026
1038,-0.033880416023524006
1039,-0.032704926667024736
1040,-0.0333841456291727
1041,-0.03343404433584101
1042,-0.0345754591734342
1043,-0.03460268114838935
1044,-0.03718854170019226
1045,-0.03781098616087018
1046,-0.03590723280380634
1047,-0.03503728175049927
1048,-0.03625153493619801
1049,-0.037289502575049864
1050,-0.03542958631077198
1051,-0.039826171195151375
1052,-0.04235667569844424
1053,-0.04152053033423786
1054,-0.04308982794176276
1055,-0.03934398239458891
1056,-0.04227778840165406
1057,-0.04184849498366387
1058,-0.039964936521206564
1059,-0.03571102236452965
1060,-0.03750653625868566
1061,-0.01838854764836592
1062,0.01003141806829001
1063,0.015724433582596235
1064,0.02190053207790541
1065,0.022128721535641094
1066,0.025139288836212144
1067,0.03099437132455823
1068,0.031828502941082686
1069,0.033237995371099116
1070,0.03485833708307448
1071,0.03576751265578891
1072,0.035651401866886395
1073,0.035761856470680906
1074,0.035869459908375353
1075,0.03238971816584082
1076,0.030341743510680825
1077,0.03357871381189364
1078,0.03501663545093342
1079,0.03453337607447445
1080,0.034926664012714305
1081,0.03452617583554245
1082,0.0342261828309045
1083,0.030494987370288464
1084,0.0252768910564987
1085,0.013653349105417888
1086,-0.011302943661636129
1087,0.0005355265927339736
1088,0.02880284548811143
1089,0.03259984987973606
1090,0.03175532945725092
1091,0.015214163127648644
1092,0.004579353773795651
1093,0.0167583732006216
1094,0.006603119020279991
1095,0.017451954907569015
1096,0.007869279881605983
1097,-0.002233313358717563
1098,0.004995298895990759
1099,0.019264372790506266
1100,0.02730498948379998
1101,0.030579780913100204
1102,0.030171948399685223
1103,0.021850362368035944
1104,0.025556810257647774
1105,0.028052413988717672
1106,0.027665707251709575
1107,0.03439283352135176
1108,0.03573604433124924
1109,0.036083612193121055
1110,0.03559851759311552
1111,0.03508351646039005
1112,0.035435064705319715
1113,0.03519876381025917
1114,0.03328754103703462
1115,0.03117756798197707
1116,-0.015220407824557969
1117,-0.028248217955892708
1118,-0.032759358800661206
1119,-0.033624725727952796
1120,-0.03539223273835753
1121,-0.03829040053534131
1122,-0.03898828036758026
1123,-0.03591614039849652
1124,-0.028570092824293052
1125,-0.036358079035484485
1126,-0.036169722548499775
1127,-0.031078887418005442
1128,0.005501155862579683
1129,0.019744152863048575
1130,0.020892321996213346
1131,0.02507408874677361
1132,0.0272621828404154
1133,0.029783654172168588
1134,0.032508793309700836
1135,0.03231395837820297
1136,0.03215741364006908
1137,0.030145555653793173
1138,0.023135288184326256
1139,-0.0044733138293258
1140,0.006244591751676813
1141,-0.028381102360099282
1142,-0.02879902800512529
1143,-0.008501838215410264
1144,-0.004037141746741926
1145,0.0037428804287306713
1146,0.012837421072402426
1147,0.00582770321005431
1148,0.012325756594486991
1149,0.014382164562631649
1150,0.012577865791609723
1151,0.014356368987396149
1152,0.013809987901708207
1153,0.0034002664468300277
1154,-0.027682921767044132
1155,-0.029484215437919455
1156,-0.03646171368886403
1157,-0.036146688631351905
1158,-0.034708487139777706
1159,-0.02485570454957015
1160,-0.01293752035567839
1161,-0.02056389008123764
1162,-0.017611271257885096
1163,0.0026897501196148426
1164,0.012843680908702353
1165,-0.01486892987187291
1166,-0.010514948858492468
1167,-0.004308393705101951
1168,0.022397385822128704
1169,0.02904352848058527
1170,0.030212117652475213
1171,0.031448037708799594
1172,0.03171330346002117
1173,0.032101803870613094
1174,0.032562722807077504
1175,0.033077521100928174
1176,0.032475724983345666
1177,0.03309712691093567
1178,0.03234255071851559
1179,0.03164633600480454
1180,0.03172984865222437
1181,0.03105433426543165
1182,0.02997780088071741
1183,0.029464133010332686
1184,0.02204500248701681
1185,0.01459960333865537
1186,0.01699135441357792
1187,0.024171712398149543
1188,0.026888662745514113
1189,0.008111367559332429
1190,-0.022103473380496973
1191,-0.02982776391014237
1192,-0.008200539273363155
1193,-0.018234035308564565
1194,-0.025269577379809397
1195,0.0035033518806799587
1196,0.007372072526550102
1197,-0.009171055987485546
1198,-0.001956063531915864
1199,0.01011572053015981
1200,-0.009570695538864665
1201,-0.003070349010449984
1202,0.0007555568187388442
1203,-0.009383752702396586
1204,-0.03079405134025006
1205,-0.02670987747412627
1206,-0.014970897525128313
1207,-0.03669659863624705
1208,-0.04054524645286866
1209,-0.04188919238214613
1210,-0.04189360382200906
1211,-0.04095009220772037
1212,-0.04242218297634985
1213,-0.04117415229414212
1214,-0.04108120849773597
1215,-0.03923068462392149
1216,-0.04084574214167433
1217,-0.014212710610818764
1218,0.0003080030490671083
1219,-1.8977392574048672e-05
1220,0.0017823003845681348
1221,0.0071400452504373725
1222,0.005399730990146254
1223,0.004724056891074775
1224,0.009094658128975055
1225,-0.0012073125922819053
1226,-0.0239290648679239
1227,0.009709633218206299
1228,0.01212888994496224
1229,0.016254584994968086
1230,0.01573974099839248
1231,0.010231671030498397
1232,0.004689142323178204
1233,0.009561801013594756
1234,0.003155687216816105
1235,-0.0283316663632204
1236,-0.03421471629567464
1237,-0.02059507074736614
1238,-0.0008473003297823955
1239,-0.0008886634695842201
1240,-0.006385173819729022
1241,-0.013407743039219263
1242,-0.0033983768004603853
1243,-0.0005064378671142179
1244,-0.0016061861491426805
1245,-0.007050067872640217
1246,-0.03130135327625555
1247,-0.04089198006943454
1248,-0.03022568875350185
1249,-0.0383941715968715
1250,-0.03431980058419592
1251,-0.03927913405213766
1252,-0.03791378443133202
1253,-0.024634360141010413
1254,-0.016242729046483568
1255,-0.027043452606358178
1256,-0.02841555398853508
1257,-0.029938706298899817
1258,-0.034069618463105696
1259,-0.03802815923734118
1260,-0.03583835068495866
1261,-0.0376094270793136
1262,-0.03604029298193451
1263,-0.041224008119921156
1264,-0.04149002605770754
1265,-0.034538333095739907
1266,-0.037406502978326046
1267,-0.02134396329077007
1268,-0.002817375361767024
1269,0.00592331515085037
1270,0.010091505618505366
1271,0.011054709016054338
1272,0.008118718979932795
1273,-0.0017025350464055485
1274,-0.02925362969318914
1275,-0.014513391229700703
1276,0.017566558292325053
1277,0.016061356180129282
1278,0.025807480852897545
1279,0.02820407119977836
1280,0.029993424065650257
1281,0.030385826931391833
1282,0.028910738639252507
1283,0.026460225472267028
1284,0.026878107098410264
1285,0.022869344242339728
1286,0.024316369765218688
1287,0.0253880488451646
1288,0.022758971349603294
1289,0.024230742611417
1290,0.026108754263243033
1291,0.022838326673675587
1292,0.024796020333034886
1293,0.0291959461363331
1294,0.03056993920805327
1295,0.026431818289049454
1296,0.019075030254180392
1297,0.011913809367426632
1298,-0.018012624403407264
1299,-0.014982047454769259
1300,0.0140987547453406
1301,0.018018400337992627
1302,0.018015785426851824
1303,0.021482141310061
1304,0.02332501585865433
1305,0.022924100404093435
1306,0.023104214505768942
1307,0.02278669951347814
1308,0.0241981303602301
1309,0.02456357484968461
1310,0.02652242944182327
1311,0.022040781384376203
1312,0.008249365192296017
1313,0.0039272320517429035
1314,0.010232588567059466
1315,0.020763172467275885
1316,0.023042726976552644
1317,0.01962505741078994
1318,0.010691393486484811
1319,-0.01191935656890691
1320,0.01646184273785879
1321,0.018242522982113395
1322,0.02003086444758664
1323,0.021925887841066374
1324,0.020205146112622183
1325,0.017607417589545135
1326,0.018551581944403296
1327,0.017108482486684964
1328,0.014594313855917574
1329,0.014733407057158285
1330,0.01687476799073628
1331,0.017847326530642638
1332,0.018522034156002638
1333,0.01780521344059794
1334,0.019162178686853673
1335,0.013855537626179151
1336,0.017801281188909248
1337,-0.017143831929199643
1338,0.00025211629111153346
1339,0.0027875937119529928
1340,-0.008317807417757967
1341,-0.02418002626656467
1342,-0.020622536056460212
1343,-0.027293906853034046
1344,-0.01785456159823227
1345,3.4614299466481646e-05
1346,0.0054508005017175854
1347,0.001451672315142062
1348,0.005126698396150123
1349,0.002275341680554552
1350,-0.01413827305083469
1351,-0.025771454739467316
1352,-0.016193053456778926
1353,-0.0015174291281437133
1354,0.0003019075021101223
1355,0.005510157750103225
