-1.638634649501161873e+08
7.881248313108484745e+08
-1.104175836036973000e+08
1.505400815009396553e+09
9.449994912408674955e+08
-1.686234532281524897e+09
3.165466122723112702e+08
1.953578848241168022e+09
-2.926053838796143055e+09
9.884469401968204975e+08
-6.003180465168831825e+09
1.178126544673017740e+09
-1.911501135053808689e+09
2.899100242275332928e+09
-2.065570329541386664e+08
3.568922550901564598e+09
4.779479521506230354e+09
-8.958158472795286179e+09
-7.862757990619929314e+09
-5.292354308492446899e+09
-1.303882008754173279e+09
-3.142904988694955349e+09
1.230691255492666721e+09
3.201678658419620991e+09
-1.760906004622636795e+10
9.585318541986557007e+09
-7.376311322458734512e+09
2.240071630670703506e+10
1.167265455152293968e+10
-5.112398075304482460e+09
8.322951013216253281e+09
2.460889486502490997e+10
-7.799957205682988167e+09
-1.627224578852676153e+08
2.357310495242075729e+10
-5.928854306178842545e+09
1.678638699171627426e+10
1.003853428754063034e+10
-1.591572693609680176e+10
-2.571884932373001575e+09
5.417836475881624222e+09
1.516134147456476402e+10
2.688527591446329117e+09
1.767147550338708496e+10
6.124404551026714325e+10
2.917018369712065506e+10
-2.697224026932845688e+10
-1.787399980905348587e+10
-2.311817312439726639e+10
-2.230762327567575932e+09
-2.019515925275781250e+10
-2.168652687098413086e+10
1.794531196530836105e+10
3.224075120568197632e+10
3.637213430302877045e+10
-1.972753505392095947e+10
4.029884404927770138e+09
4.593167403267968750e+10
2.120802818648369980e+10
3.601249899324090958e+09
1.793593206840210724e+10
-3.245122461831341934e+10
8.306783533884539604e+08
-3.453276090315601349e+10
9.206754432005329132e+09
1.072176644860378504e+09
1.937250298486518097e+10
-1.207941236343805313e+10
-4.019915189770249939e+10
-7.751410375608736992e+09
6.560181842209687084e+07
9.642860776660766602e+09
3.043059755019293594e+10
-1.623006844313593483e+10
-1.910641272065194321e+10
-2.817309133783475494e+10
1.438103073118163872e+10
1.658588482405713654e+10
1.057125538807021523e+10
1.402387069714316750e+10
-2.110108446770101929e+10
-5.737739948436510468e+10
-7.779378506133623123e+09
-2.356979518461351395e+10
-6.443213154685809135e+09
3.856992172922892761e+10
-4.728336435576942444e+10
2.421337568341751862e+10
1.353148765117275620e+10
1.904920010778573990e+10
2.014285872411306381e+10
5.615036743344860077e+09
4.450382209216233063e+10
3.829474577130504608e+10
3.302737002807696152e+10
-2.525452186484547043e+10
-4.021081575352484131e+10
1.362906165358054543e+10
-6.658378629862372398e+09
-1.433016153864859581e+10
9.008683792389335632e+09
3.816502155294187927e+10
5.545424508285275459e+09
1.775212878341529131e+09
-2.932064201365589905e+10
-1.718216560721365738e+10
2.493239567030226707e+09
-1.260660949835177422e+10
1.739528139044584274e+10
-7.112969468210601807e+07
6.862745331854770660e+10
-4.221039476369194984e+09
-4.126618221284554291e+10
2.601760247559696198e+10
-3.307072522362551880e+10
-1.080452024637109947e+10
-1.025915126849133148e+11
-2.004456050209903336e+10
-2.592773817138280106e+10
9.323989167560895920e+09
-1.038968371267797852e+10
-4.549655456733229065e+10
-5.325907884241263580e+10
-1.975269470488706207e+10
-2.134719596515903854e+10
-1.378829220989308167e+10
-3.135836984072261810e+10
1.271949100772740936e+10
-1.723546719941490173e+10
-8.028924848869155884e+09
-3.574577024418837738e+10
2.877969988698159409e+10
-1.901363926123746109e+10
4.289506091580780029e+10
-5.738610786409665680e+10
-3.120806979450019455e+10
1.602516112099987030e+10
-1.844255919034368515e+10
-3.464694462844030762e+10
-5.128329569131858826e+10
5.989522283875955582e+09
-5.136355063869649506e+10
-2.902754551092823029e+10
4.557682772588239670e+09
-3.567830123403384399e+10
-5.517215107083831024e+10
1.644456602487989044e+10
4.404885201939118958e+10
4.937220332693453789e+09
-8.884222406687480927e+09
3.121988906433895874e+10
-2.236645944522029114e+10
4.566444788627626038e+10
-3.667686810896614075e+10
-3.555360018584353447e+09
6.855162977014362335e+09
2.578029039281925201e+10
3.315211592910347366e+10
-2.822062970191726685e+10
-4.164568092675653076e+10
-1.680261312183110476e+09
-1.309412076961243820e+10
3.585764123802217102e+10
-2.562110882826713562e+10
-2.279909175967557907e+10
-1.251756819711082268e+10
-3.350327429915728569e+09
4.147602289554917216e+08
-4.185226155543153381e+10
-3.775156169504824829e+10
-1.223058050050045586e+10
1.007355516803320885e+10
4.337036735010336304e+10
-5.563579647759317398e+09
-4.515501566220575571e+08
-7.121533698112384796e+09
-2.260548074791860878e+08
1.405430620533457398e+08
2.977492845663619041e+09
1.816313674830910563e+08
5.014406821345605850e+08
-3.520654472617395878e+09
-1.027929864872528054e+07
-1.060413998285223693e+08
2.983242159649743233e+06
-1.710211090407090634e+07
-6.214502928026811779e+07
-4.185164822566894442e+07
2.425783852053271607e+07
-5.881762406800466776e+07
-3.932333091528213024e+08
1.020015104648918390e+09
-9.568551326560764015e+07
-7.544494049459450245e+08
-6.490960901771246910e+09
-7.680175738607332230e+09
-2.038142126312748432e+09
