6.106305833124714422e-01
5.001490829824712936e-01
4.102820853761989794e-01
3.587714099412003810e-01
3.156810466895667577e-01
2.793884726483609193e-01
2.503485708521105413e-01
2.155737124412317185e-01
1.981319142568747360e-01
1.706360459005007435e-01
1.522928224403351793e-01
1.417529728802704170e-01
1.319932120093161299e-01
1.315900573812700258e-01
1.166717259457596412e-01
1.076619110592004075e-01
1.063797657441727940e-01
9.518152518901829007e-02
8.900865673266306066e-02
8.487459939115800378e-02
7.887401445806406508e-02
7.270193386375621569e-02
6.090651515817427364e-02
5.627522217547912403e-02
5.777604185190306912e-02
5.538519733873437795e-02
5.715471316348727515e-02
5.637451757431153482e-02
5.669355216896292127e-02
5.137726969347668204e-02
4.999211168808630895e-02
4.985323830211998292e-02
4.938157661929942766e-02
4.629640797502104776e-02
4.137729795413890022e-02
3.953512476545988780e-02
3.642354986315920334e-02
3.957139336239239025e-02
4.153988479516294852e-02
3.718879433326758438e-02
3.440619119982032265e-02
3.086860167341221733e-02
2.795204207982569453e-02
2.598049340221837700e-02
2.464151723083710804e-02
2.037213084795577028e-02
2.176987294374161525e-02
2.213912200005794390e-02
2.452906550263448532e-02
2.394643830899247094e-02
2.392994850777543231e-02
2.444134005071730426e-02
2.430561036476183018e-02
2.464763153669578821e-02
2.406156785449240637e-02
2.088135699543683735e-02
2.415589611774598619e-02
2.461345077596509973e-02
2.289861309942321441e-02
2.378294303221713951e-02
2.075825845163749642e-02
1.871728849599313405e-02
1.784920025094998211e-02
1.636364510189406568e-02
1.712963799083537519e-02
1.692432844724195765e-02
1.749437578904296589e-02
2.054173546828043720e-02
2.182124961835677987e-02
1.937691460332878826e-02
1.806259280643972634e-02
1.406440341963714757e-02
1.580068216618724791e-02
1.564721689571011570e-02
1.410530874627213133e-02
1.392219805659902082e-02
1.432254071426857997e-02
1.562073187368327905e-02
1.473533679598297043e-02
1.386500195428435646e-02
1.543299171757053084e-02
1.416406793759131602e-02
1.706708738204385650e-02
1.489327652741905678e-02
1.427567656958267026e-02
1.380252194548015066e-02
1.324597146838366046e-02
1.366378953092730122e-02
1.470277740955280681e-02
1.205584107284513908e-02
1.256423877515362893e-02
1.153304093487953277e-02
1.002719782048466790e-02
8.075955007295257393e-03
7.756683014177560495e-03
5.712233490092371788e-03
5.721176436294022304e-03
4.019182914023481518e-03
4.636025386347638992e-03
6.657388329343489307e-03
6.071564713645341387e-03
8.042107935778287919e-03
7.668769587054843732e-03
8.698737217809823785e-03
1.011802194497664516e-02
9.594657325968855566e-03
1.076056820249011482e-02
1.221203751211103611e-02
1.095068296834240257e-02
1.235054863970280574e-02
1.295179437053810452e-02
1.361880781165189860e-02
1.196930707174634692e-02
9.581042074650495538e-03
9.287319676864904880e-03
1.001287566189303438e-02
9.067896151600826279e-03
8.064481241292118310e-03
8.151187449380573394e-03
6.830007843313629784e-03
6.880186734078547021e-03
6.178079736546996520e-03
6.298576094631578789e-03
6.271179771761843658e-03
6.857232130138679778e-03
7.820065563260963221e-03
9.670265166670124687e-03
1.018696914654947279e-02
9.694866415922034561e-03
8.658309673312082622e-03
9.748726953575181584e-03
7.987967954234342915e-03
7.051775771998126593e-03
8.196532959196624335e-03
7.343290416063016218e-03
7.277253145805784133e-03
7.858721313735826317e-03
7.503446864796146573e-03
9.482647020147406611e-03
9.372478020145801753e-03
8.078217778864872287e-03
7.675756468519877133e-03
6.586209837186601281e-03
5.984805160617585364e-03
6.750730954582366203e-03
6.043472952029655017e-03
6.037417677463492206e-03
5.870326670435467922e-03
5.314047608593645659e-03
6.699681345954939041e-03
5.287768841634597934e-03
5.487822591996602620e-03
4.963212172764254991e-03
6.409456832230396583e-03
4.351278976886556980e-03
5.596141493034412565e-03
4.530549946529668914e-03
2.117941932419259345e-03
2.145684374923315617e-03
2.771120301687639894e-03
2.303168449946901754e-03
2.939104224984036718e-03
2.922807472204386192e-03
2.949767696579412481e-03
1.652359741014599670e-03
1.761926887170177630e-03
1.410814956692502163e-03
1.681238185997816804e-03
2.671375294338732345e-03
4.109159186571090423e-03
4.157767171965872678e-03
3.626525955429897759e-03
3.126074370229080419e-03
2.974837671483317007e-03
1.458487786856101608e-03
1.814918930757010310e-03
4.798605528890836675e-04
1.243509601189751691e-04
8.050652777689881398e-04
4.147603534123143532e-04
9.741673850714956172e-05
3.312087212242204189e-04
2.557295075403632296e-05
3.188064802936865056e-05
2.657623447573287153e-07
1.752488804531913391e-06
4.515358517842117802e-06
5.727636110649933389e-06
9.665756470014385713e-06
1.641296115175071304e-05
3.170659387637864748e-05
9.447121083120967901e-05
1.889064820484784421e-04
3.691116368583366664e-04
6.874589250113723529e-04
8.400269304524216095e-04
1.709454645053454127e-04
