6.247554695572806738e-01
4.819913014722180811e-01
3.884994995336997770e-01
3.212764023468269725e-01
2.719263313708650820e-01
2.339975052339900718e-01
2.042865594455046951e-01
1.789928602021026161e-01
1.578303786379713913e-01
1.403930112555227816e-01
1.265627362641444931e-01
1.151855466942467571e-01
1.051398952238207923e-01
9.644069918122206986e-02
8.919204955458125139e-02
8.308637081724878914e-02
7.766621124463689296e-02
7.344803938405447541e-02
6.948385542607143917e-02
6.660729565600638502e-02
6.200565303844066123e-02
5.900122386286282133e-02
5.700683543338643661e-02
5.413362647383460069e-02
5.206432048796670597e-02
4.923381088670480271e-02
4.729546013383744557e-02
4.549489612928335480e-02
4.393781816140211738e-02
4.221684765990561805e-02
4.079540444132326998e-02
3.923881927728150448e-02
3.832882973204838895e-02
3.742805476609161602e-02
3.689203297905613993e-02
3.630339329576384721e-02
3.623908797630126521e-02
3.504961420977720926e-02
3.229955284477718097e-02
3.086440637222394312e-02
3.014793005012739863e-02
2.939492144191742373e-02
2.864545478029658157e-02
2.780680623354410408e-02
2.696518974673278377e-02
2.647861040405952507e-02
2.659122458609423922e-02
2.567074242981859378e-02
2.491271276919059321e-02
2.434392279502354053e-02
2.387098695840902604e-02
2.337236932773708101e-02
2.288193386402818247e-02
2.267328550642462928e-02
2.201312217328826523e-02
2.187139010327510125e-02
2.124775732125856048e-02
2.055513117607782325e-02
2.005420256638823506e-02
1.969889638149644254e-02
1.928366012901112578e-02
1.891896128655718573e-02
1.869000949866090819e-02
1.834027607351817329e-02
1.791454784670243328e-02
1.750889428007278495e-02
1.744334100120190426e-02
1.720762985446717616e-02
1.693386832292462230e-02
1.665797331544957571e-02
1.655501034319990794e-02
1.649762178184305955e-02
1.670278466789006100e-02
1.629841312373694895e-02
1.590303102648490605e-02
1.555728814779940537e-02
1.532331754594895047e-02
1.514708006827634144e-02
1.506394679188093749e-02
1.484029158406863398e-02
1.481300994760868274e-02
1.476637494682529923e-02
1.470391607126132587e-02
1.467822150525301302e-02
1.456369398684089975e-02
1.439550131192462480e-02
1.428985274594794797e-02
1.414867033635425209e-02
1.394779178808328891e-02
1.380593537201219891e-02
1.370028103452177078e-02
1.355683909819350302e-02
1.334815918733513011e-02
1.328711113495386308e-02
1.312602949475839657e-02
1.306045080900984645e-02
1.297532026617266229e-02
1.295035280233478893e-02
1.286057043792305024e-02
1.271344697597740804e-02
1.270129029317517561e-02
1.260037816412477689e-02
1.257102946810445716e-02
1.234457747809452471e-02
1.232068780309788711e-02
1.218631517433951816e-02
1.205485355039791553e-02
1.183435523406216848e-02
1.164759046435082795e-02
1.140760031279233408e-02
1.135522695607715446e-02
1.128023856868911115e-02
1.114831403234802301e-02
1.108794602137535418e-02
1.108637256962918816e-02
1.094249268468166017e-02
1.086707859450133928e-02
1.085625838216469283e-02
1.078284735355246153e-02
1.069877896384223773e-02
1.058656056998185692e-02
1.050627894706821636e-02
1.040653479527279580e-02
1.035321077278394085e-02
1.038565714937379758e-02
1.046092664217343655e-02
1.038598475514259170e-02
1.045877664552833514e-02
1.041523667001756359e-02
1.026221844741543460e-02
1.036695812138853715e-02
1.028629970267532640e-02
1.016593923465619782e-02
1.017209514468888666e-02
1.023776127308169415e-02
1.016570477257022764e-02
1.011130064449329742e-02
1.015069531952875886e-02
1.008814542338552778e-02
1.000992380792790383e-02
9.978041807235486782e-03
9.875562348739317861e-03
9.892379737669045395e-03
9.971283754371052660e-03
9.993568269408250465e-03
1.003856964792987187e-02
9.955628648765025429e-03
9.961623974881223670e-03
9.897042818060280966e-03
9.873405134731075283e-03
9.886552322505215082e-03
9.809033317084648457e-03
9.862008147831974325e-03
9.754162251437614034e-03
9.718692947306166799e-03
9.704004270992111145e-03
9.518256884351820185e-03
9.526186008476556985e-03
9.408197131462407020e-03
9.413910596965800737e-03
9.265334446009163699e-03
9.330606817417900697e-03
9.315076054664254285e-03
9.358568416103963186e-03
9.281153929959005955e-03
9.285133170669951364e-03
9.404945794055872763e-03
9.367969264728888412e-03
9.355501326550906549e-03
9.365829125671446334e-03
9.289558249385368102e-03
9.186377733156718406e-03
9.201137579602006872e-03
9.203837238793369929e-03
9.123593643378851217e-03
9.132717114024101190e-03
9.131541897112963740e-03
9.044260697194234783e-03
9.067503922905629718e-03
8.994470675719290487e-03
8.861799112281808916e-03
8.942585593946693334e-03
8.883940114767299723e-03
8.963886286912067791e-03
8.997837175586517397e-03
8.946644651122289890e-03
8.938305538549280380e-03
8.843554970555436365e-03
8.823537256926106478e-03
8.810810666716848913e-03
8.717957007232780484e-03
8.668644439190523882e-03
8.688949434504374819e-03
8.599678817068910283e-03
8.332658659310926766e-03
8.460519946594597523e-03
8.390658399924415256e-03
