#Step,RG,Etotal,Epot,Ekin,Temperature

1000,19.520,25.375,22.650,2.726,1.817
2000,19.381,23.982,22.131,1.850,1.233
3000,19.048,23.598,21.922,1.675,1.117
4000,18.592,23.438,21.882,1.556,1.037
5000,18.205,23.391,21.844,1.547,1.031
6000,17.822,23.297,21.798,1.499,0.999
7000,17.428,23.309,21.795,1.515,1.010
8000,17.024,23.258,21.730,1.528,1.019
9000,16.604,23.312,21.752,1.560,1.040
10000,16.215,23.274,21.761,1.513,1.009
11000,15.793,23.248,21.724,1.524,1.016
12000,15.533,23.231,21.724,1.507,1.005
13000,15.327,23.231,21.677,1.554,1.036
14000,15.042,23.196,21.712,1.484,0.989
15000,14.688,23.130,21.649,1.482,0.988
16000,14.309,23.118,21.632,1.486,0.991
17000,14.033,23.125,21.652,1.473,0.982
18000,13.788,23.081,21.603,1.478,0.986
19000,13.578,23.070,21.634,1.436,0.957
20000,13.366,23.087,21.631,1.456,0.971
21000,13.193,23.138,21.597,1.540,1.027
22000,13.122,23.198,21.660,1.538,1.025
23000,13.074,23.119,21.657,1.462,0.974
24000,13.065,23.158,21.589,1.569,1.046
25000,12.939,23.109,21.591,1.519,1.012
26000,12.905,23.084,21.585,1.499,0.999
27000,12.891,23.090,21.594,1.496,0.997
28000,12.793,23.089,21.605,1.484,0.989
29000,12.678,23.101,21.587,1.513,1.009
30000,12.551,23.117,21.594,1.523,1.015
31000,12.393,23.107,21.574,1.533,1.022
32000,12.311,23.149,21.596,1.553,1.035
33000,12.336,23.169,21.614,1.555,1.036
34000,12.367,23.140,21.620,1.519,1.013
35000,12.283,23.040,21.589,1.451,0.968
36000,12.118,23.042,21.543,1.499,1.000
37000,12.038,23.095,21.576,1.519,1.013
38000,11.991,23.117,21.587,1.530,1.020
39000,11.949,23.009,21.556,1.454,0.969
40000,11.926,23.076,21.609,1.468,0.978
41000,11.864,23.094,21.601,1.494,0.996
42000,11.879,23.118,21.615,1.503,1.002
43000,11.900,23.092,21.619,1.473,0.982
44000,11.952,23.128,21.630,1.498,0.998
45000,12.056,23.219,21.614,1.605,1.070
46000,12.136,23.122,21.612,1.509,1.006
47000,12.070,23.115,21.582,1.533,1.022
48000,11.996,22.991,21.510,1.480,0.987
49000,11.923,22.973,21.539,1.434,0.956
50000,11.972,23.075,21.591,1.483,0.989
51000,11.847,23.089,21.570,1.519,1.012
52000,11.685,22.989,21.544,1.445,0.963
53000,11.519,23.068,21.575,1.494,0.996
54000,11.393,23.076,21.588,1.488,0.992
55000,11.307,23.168,21.618,1.550,1.034
56000,11.343,23.096,21.568,1.528,1.018
57000,11.384,23.075,21.590,1.486,0.990
58000,11.299,23.094,21.579,1.515,1.010
59000,11.309,23.172,21.608,1.563,1.042
60000,11.397,23.108,21.598,1.510,1.007
61000,11.374,23.034,21.555,1.480,0.987
62000,11.260,23.014,21.534,1.480,0.987
63000,11.113,23.088,21.594,1.493,0.996
64000,11.034,23.063,21.552,1.510,1.007
65000,10.984,23.118,21.628,1.490,0.993
66000,11.143,23.105,21.593,1.512,1.008
67000,11.212,23.116,21.599,1.517,1.011
68000,11.313,23.109,21.564,1.545,1.030
69000,11.367,23.035,21.560,1.475,0.983
70000,11.367,23.079,21.569,1.509,1.006
71000,11.438,23.073,21.566,1.507,1.005
72000,11.477,23.113,21.588,1.525,1.016
73000,11.528,23.054,21.579,1.475,0.983
74000,11.620,23.160,21.644,1.516,1.010
75000,11.654,23.139,21.593,1.546,1.031
76000,11.597,23.064,21.558,1.506,1.004
77000,11.583,23.144,21.641,1.502,1.001
78000,11.689,23.082,21.573,1.509,1.006
79000,11.707,23.071,21.597,1.474,0.983
80000,11.726,23.060,21.572,1.488,0.992
81000,11.838,23.023,21.566,1.457,0.971
82000,11.797,23.096,21.594,1.502,1.001
83000,11.741,23.137,21.616,1.521,1.014
84000,11.781,23.033,21.574,1.459,0.973
85000,11.826,23.061,21.590,1.470,0.980
86000,11.827,23.111,21.609,1.503,1.002
87000,11.744,23.114,21.623,1.491,0.994
88000,11.629,23.229,21.655,1.574,1.049
89000,11.579,23.136,21.599,1.537,1.025
90000,11.536,23.159,21.624,1.535,1.023
91000,11.475,23.167,21.611,1.556,1.038
92000,11.438,23.152,21.569,1.583,1.055
93000,11.380,23.128,21.580,1.547,1.032
94000,11.334,23.092,21.590,1.502,1.001
95000,11.223,23.127,21.587,1.540,1.027
96000,11.057,23.101,21.580,1.521,1.014
97000,10.983,23.036,21.578,1.458,0.972
98000,10.941,23.072,21.568,1.504,1.002
99000,11.003,23.114,21.574,1.540,1.027
100000,11.076,23.090,21.576,1.515,1.010
101000,11.115,23.137,21.610,1.527,1.018
102000,11.137,23.166,21.594,1.572,1.048
103000,11.273,23.118,21.576,1.542,1.028
104000,11.312,23.111,21.597,1.513,1.009
105000,11.293,23.040,21.596,1.444,0.963
106000,11.265,23.040,21.621,1.419,0.946
107000,11.315,23.075,21.576,1.499,0.999
108000,11.429,23.085,21.582,1.503,1.002
109000,11.542,23.077,21.579,1.498,0.999
110000,11.556,23.151,21.623,1.529,1.019
111000,11.596,23.090,21.565,1.525,1.017
112000,11.563,23.146,21.639,1.507,1.004
113000,11.536,23.096,21.605,1.491,0.994
114000,11.635,23.093,21.604,1.490,0.993
115000,11.656,23.092,21.626,1.466,0.977
116000,11.740,23.075,21.607,1.468,0.979
117000,11.816,23.067,21.606,1.461,0.974
118000,11.666,23.073,21.612,1.461,0.974
119000,11.520,23.098,21.601,1.498,0.998
120000,11.469,23.146,21.618,1.528,1.019
121000,11.538,23.122,21.638,1.484,0.989
122000,11.558,23.192,21.645,1.547,1.031
123000,11.642,23.176,21.635,1.542,1.028
124000,11.676,23.116,21.588,1.527,1.018
125000,11.604,23.081,21.570,1.511,1.007
126000,11.528,23.149,21.627,1.522,1.014
127000,11.444,23.102,21.604,1.498,0.999
128000,11.380,23.078,21.580,1.497,0.998
129000,11.388,23.056,21.593,1.462,0.975
130000,11.423,23.096,21.578,1.518,1.012
131000,11.517,23.051,21.580,1.471,0.981
132000,11.476,23.095,21.628,1.467,0.978
133000,11.366,23.081,21.568,1.512,1.008
134000,11.283,23.089,21.597,1.492,0.995
135000,11.356,23.129,21.604,1.524,1.016
136000,11.343,23.134,21.604,1.530,1.020
137000,11.378,23.086,21.544,1.542,1.028
138000,11.344,23.057,21.553,1.504,1.003
139000,11.408,23.078,21.589,1.489,0.993
140000,11.488,23.110,21.590,1.520,1.013
141000,11.607,23.145,21.619,1.526,1.018
142000,11.726,23.040,21.546,1.494,0.996
143000,11.677,23.069,21.572,1.497,0.998
144000,11.700,23.095,21.574,1.522,1.014
145000,11.737,23.078,21.618,1.460,0.973
146000,11.756,23.093,21.627,1.466,0.977
147000,11.630,23.129,21.618,1.511,1.007
148000,11.634,23.001,21.597,1.403,0.935
149000,11.608,23.047,21.589,1.458,0.972
150000,11.670,23.088,21.592,1.497,0.998
151000,11.693,23.067,21.577,1.490,0.993
152000,11.805,23.055,21.589,1.466,0.978
153000,11.829,23.133,21.609,1.523,1.016
154000,11.861,23.101,21.545,1.556,1.037
155000,11.923,23.125,21.610,1.515,1.010
156000,12.005,23.066,21.595,1.470,0.980
157000,12.063,23.154,21.652,1.502,1.001
158000,12.044,23.136,21.621,1.514,1.009
159000,11.968,23.131,21.598,1.533,1.022
160000,11.867,23.078,21.579,1.499,0.999
161000,11.845,23.093,21.608,1.484,0.989
162000,11.821,23.091,21.590,1.501,1.001
163000,11.828,23.036,21.580,1.457,0.971
164000,11.778,23.072,21.639,1.433,0.955
165000,11.721,23.090,21.568,1.521,1.014
166000,11.746,23.099,21.603,1.496,0.998
167000,11.729,23.065,21.611,1.453,0.969
168000,11.697,23.087,21.574,1.512,1.008
169000,11.620,23.082,21.588,1.495,0.996
170000,11.732,23.013,21.531,1.482,0.988
171000,11.729,23.082,21.600,1.482,0.988
172000,11.712,23.107,21.616,1.490,0.993
173000,11.648,23.064,21.591,1.473,0.982
174000,11.656,23.059,21.569,1.490,0.993
175000,11.708,23.126,21.595,1.531,1.021
176000,11.723,23.077,21.590,1.487,0.991
177000,11.680,23.106,21.554,1.552,1.035
178000,11.602,23.080,21.540,1.540,1.027
179000,11.508,23.066,21.578,1.488,0.992
180000,11.469,23.116,21.568,1.548,1.032
181000,11.395,23.113,21.573,1.540,1.027
182000,11.345,23.112,21.574,1.539,1.026
183000,11.275,23.049,21.598,1.451,0.967
184000,11.351,23.056,21.539,1.517,1.011
185000,11.384,23.017,21.539,1.478,0.985
186000,11.350,23.083,21.519,1.563,1.042
187000,11.311,23.074,21.573,1.501,1.001
188000,11.295,23.034,21.554,1.479,0.986
189000,11.272,23.095,21.564,1.532,1.021
190000,11.285,23.115,21.562,1.553,1.035
191000,11.376,23.093,21.599,1.495,0.996
192000,11.388,22.994,21.531,1.463,0.975
193000,11.418,22.985,21.511,1.473,0.982
194000,11.500,23.071,21.626,1.446,0.964
195000,11.496,23.067,21.540,1.528,1.018
196000,11.584,23.114,21.614,1.500,1.000
197000,11.565,23.060,21.583,1.478,0.985
198000,11.459,23.081,21.560,1.521,1.014
199000,11.381,23.114,21.586,1.527,1.018
200000,11.486,23.085,21.564,1.521,1.014
201000,11.514,22.998,21.535,1.464,0.976
202000,11.563,23.054,21.548,1.507,1.005
203000,11.610,23.030,21.558,1.473,0.982
204000,11.564,23.103,21.594,1.509,1.006
205000,11.518,23.056,21.559,1.497,0.998
206000,11.485,23.175,21.609,1.567,1.044
207000,11.569,23.067,21.582,1.485,0.990
208000,11.633,23.079,21.608,1.471,0.981
209000,11.700,23.087,21.598,1.490,0.993
210000,11.664,23.076,21.595,1.481,0.987
211000,11.656,23.134,21.600,1.534,1.023
212000,11.738,23.108,21.635,1.472,0.981
213000,11.795,23.069,21.584,1.485,0.990
214000,11.821,23.107,21.611,1.497,0.998
215000,11.785,23.071,21.551,1.519,1.013
216000,11.795,23.055,21.557,1.497,0.998
217000,11.776,23.095,21.604,1.490,0.994
218000,11.876,23.123,21.649,1.474,0.983
219000,11.797,23.093,21.568,1.524,1.016
220000,11.683,23.073,21.586,1.487,0.991
221000,11.524,23.129,21.599,1.530,1.020
222000,11.397,23.020,21.535,1.484,0.989
223000,11.386,23.027,21.547,1.480,0.987
224000,11.314,23.037,21.599,1.439,0.959
225000,11.254,23.020,21.579,1.441,0.961
226000,11.165,23.064,21.556,1.508,1.005
227000,11.117,23.086,21.604,1.482,0.988
228000,11.181,23.005,21.524,1.481,0.987
229000,11.287,23.037,21.552,1.485,0.990
230000,11.464,23.020,21.523,1.498,0.998
231000,11.623,23.090,21.598,1.492,0.995
232000,11.719,23.082,21.574,1.508,1.005
233000,11.617,23.065,21.592,1.473,0.982
234000,11.443,23.133,21.603,1.530,1.020
235000,11.338,23.106,21.536,1.570,1.046
236000,11.232,23.163,21.636,1.526,1.017
237000,11.095,23.065,21.540,1.526,1.017
238000,11.106,23.106,21.602,1.504,1.003
239000,11.120,23.049,21.555,1.494,0.996
240000,11.106,23.013,21.541,1.472,0.981
241000,11.111,23.048,21.548,1.500,1.000
242000,11.088,23.013,21.575,1.438,0.959
243000,10.998,23.017,21.562,1.455,0.970
244000,11.011,23.104,21.597,1.508,1.005
245000,11.082,23.061,21.548,1.513,1.009
246000,11.207,23.078,21.604,1.474,0.982
247000,11.339,23.077,21.604,1.473,0.982
248000,11.291,23.116,21.572,1.543,1.029
249000,11.292,23.160,21.642,1.518,1.012
250000,11.317,23.062,21.600,1.463,0.975
251000,11.224,23.035,21.539,1.496,0.997
252000,11.181,23.080,21.586,1.494,0.996
253000,11.245,23.116,21.567,1.549,1.032
254000,11.296,23.056,21.568,1.488,0.992
255000,11.251,23.110,21.588,1.522,1.014
256000,11.229,23.045,21.582,1.462,0.975
257000,11.192,23.077,21.569,1.508,1.006
258000,11.138,23.095,21.605,1.490,0.993
259000,11.182,23.115,21.594,1.520,1.014
260000,11.268,23.112,21.616,1.497,0.998
261000,11.338,23.063,21.602,1.461,0.974
262000,11.442,23.078,21.592,1.487,0.991
263000,11.402,23.019,21.570,1.449,0.966
264000,11.392,23.084,21.585,1.499,0.999
265000,11.415,23.096,21.575,1.521,1.014
266000,11.408,23.096,21.582,1.514,1.009
267000,11.470,23.124,21.599,1.526,1.017
268000,11.547,23.153,21.611,1.542,1.028
269000,11.546,23.142,21.589,1.553,1.036
270000,11.548,23.048,21.548,1.499,1.000
271000,11.488,23.039,21.580,1.459,0.973
272000,11.546,23.105,21.583,1.522,1.014
273000,11.603,23.130,21.631,1.499,0.999
274000,11.729,23.158,21.596,1.562,1.041
275000,11.779,23.095,21.584,1.511,1.007
276000,11.764,23.060,21.568,1.492,0.995
277000,11.738,23.087,21.549,1.538,1.025
278000,11.773,23.073,21.550,1.523,1.015
279000,11.829,23.100,21.581,1.519,1.013
280000,11.747,23.090,21.561,1.529,1.019
281000,11.725,23.076,21.561,1.515,1.010
282000,11.759,23.103,21.566,1.537,1.025
283000,11.757,23.104,21.591,1.513,1.008
284000,11.825,23.099,21.594,1.505,1.003
285000,11.762,23.136,21.590,1.545,1.030
286000,11.726,23.119,21.576,1.543,1.029
287000,11.700,23.112,21.624,1.488,0.992
288000,11.767,23.119,21.577,1.543,1.028
289000,11.914,23.122,21.585,1.537,1.024
290000,11.924,23.116,21.620,1.495,0.997
291000,11.927,23.081,21.581,1.499,0.999
292000,11.833,23.120,21.577,1.542,1.028
293000,11.859,23.069,21.552,1.517,1.011
294000,11.874,23.030,21.551,1.478,0.985
295000,11.944,23.036,21.569,1.466,0.978
296000,12.061,23.037,21.582,1.455,0.970
297000,12.056,23.091,21.582,1.509,1.006
298000,12.009,23.044,21.590,1.453,0.969
299000,11.896,23.048,21.590,1.458,0.972
300000,11.844,23.108,21.601,1.508,1.005
301000,11.742,23.038,21.582,1.455,0.970
302000,11.678,23.073,21.605,1.469,0.979
303000,11.700,23.160,21.573,1.588,1.058
304000,11.685,23.062,21.581,1.480,0.987
305000,11.668,23.099,21.626,1.472,0.981
306000,11.602,23.105,21.564,1.541,1.027
307000,11.564,23.026,21.591,1.435,0.957
308000,11.553,23.055,21.587,1.468,0.979
309000,11.416,23.082,21.578,1.505,1.003
310000,11.265,23.114,21.626,1.487,0.991
311000,11.193,23.117,21.596,1.520,1.014
312000,11.217,23.028,21.566,1.462,0.975
313000,11.310,23.084,21.575,1.509,1.006
314000,11.290,23.113,21.602,1.512,1.008
315000,11.241,23.097,21.586,1.511,1.007
316000,11.228,23.086,21.608,1.478,0.985
317000,11.143,23.093,21.611,1.482,0.988
318000,11.126,23.067,21.552,1.516,1.010
319000,11.356,23.107,21.580,1.527,1.018
320000,11.460,23.113,21.562,1.552,1.034
321000,11.566,23.179,21.607,1.571,1.048
322000,11.565,23.118,21.618,1.500,1.000
323000,11.569,23.085,21.584,1.501,1.001
324000,11.479,23.105,21.641,1.465,0.976
325000,11.434,23.031,21.527,1.504,1.003
326000,11.403,23.047,21.595,1.452,0.968
327000,11.340,23.043,21.547,1.496,0.997
328000,11.301,23.108,21.633,1.476,0.984
329000,11.263,23.048,21.569,1.479,0.986
330000,11.274,22.991,21.538,1.452,0.968
331000,11.302,23.063,21.557,1.507,1.004
332000,11.342,23.058,21.575,1.483,0.988
333000,11.346,23.059,21.552,1.506,1.004
334000,11.504,23.047,21.548,1.499,0.999
335000,11.564,23.002,21.573,1.428,0.952
336000,11.457,23.063,21.586,1.477,0.984
337000,11.386,23.056,21.547,1.509,1.006
338000,11.288,23.120,21.580,1.539,1.026
339000,11.253,23.026,21.572,1.454,0.969
340000,11.287,23.086,21.587,1.499,0.999
341000,11.481,23.051,21.586,1.465,0.977
342000,11.643,23.078,21.577,1.501,1.001
343000,11.654,23.091,21.583,1.508,1.005
344000,11.658,23.090,21.577,1.512,1.008
345000,11.605,23.057,21.522,1.536,1.024
346000,11.466,23.044,21.575,1.469,0.980
347000,11.459,23.057,21.536,1.521,1.014
348000,11.410,23.072,21.570,1.502,1.001
349000,11.420,23.100,21.617,1.483,0.989
350000,11.412,23.130,21.592,1.538,1.025
351000,11.384,23.095,21.602,1.492,0.995
352000,11.304,23.161,21.679,1.482,0.988
353000,11.184,23.085,21.584,1.500,1.000
354000,11.177,23.143,21.595,1.548,1.032
355000,11.153,23.057,21.577,1.480,0.986
356000,11.124,23.055,21.589,1.465,0.977
357000,11.142,23.080,21.588,1.492,0.995
358000,11.213,23.016,21.526,1.491,0.994
359000,11.343,23.050,21.561,1.488,0.992
360000,11.456,23.099,21.610,1.489,0.993
361000,11.486,23.131,21.606,1.525,1.016
362000,11.477,23.090,21.583,1.507,1.005
363000,11.420,23.108,21.600,1.508,1.005
364000,11.441,23.088,21.573,1.514,1.010
365000,11.400,23.063,21.597,1.465,0.977
366000,11.343,23.078,21.597,1.481,0.987
367000,11.349,23.095,21.600,1.495,0.997
368000,11.414,23.051,21.574,1.477,0.984
369000,11.496,23.021,21.568,1.453,0.968
370000,11.432,23.167,21.599,1.568,1.045
371000,11.422,23.083,21.586,1.497,0.998
372000,11.355,23.049,21.563,1.485,0.990
373000,11.392,23.082,21.603,1.479,0.986
374000,11.357,23.101,21.562,1.539,1.026
375000,11.359,23.083,21.515,1.568,1.045
376000,11.411,22.997,21.521,1.476,0.984
377000,11.392,23.104,21.579,1.525,1.017
378000,11.362,23.074,21.575,1.499,0.999
379000,11.302,23.123,21.609,1.514,1.009
380000,11.318,23.073,21.585,1.488,0.992
381000,11.313,23.032,21.560,1.473,0.982
382000,11.333,23.081,21.608,1.473,0.982
383000,11.249,23.084,21.575,1.509,1.006
384000,11.229,23.078,21.578,1.500,1.000
385000,11.197,23.151,21.599,1.552,1.035
386000,11.228,23.100,21.570,1.530,1.020
387000,11.289,23.047,21.571,1.476,0.984
388000,11.298,23.031,21.565,1.466,0.977
389000,11.430,23.053,21.611,1.443,0.962
390000,11.401,23.131,21.595,1.537,1.024
391000,11.375,23.028,21.527,1.501,1.001
392000,11.438,23.015,21.577,1.438,0.958
393000,11.406,23.054,21.545,1.509,1.006
394000,11.381,23.072,21.560,1.512,1.008
395000,11.473,23.060,21.527,1.533,1.022
396000,11.530,23.057,21.577,1.480,0.987
397000,11.665,23.057,21.569,1.488,0.992
398000,11.747,23.031,21.551,1.480,0.986
399000,11.750,22.995,21.539,1.456,0.971
400000,11.652,22.994,21.586,1.408,0.939
401000,11.565,23.001,21.538,1.463,0.975
402000,11.478,23.032,21.566,1.467,0.978
403000,11.510,23.059,21.557,1.501,1.001
404000,11.512,23.076,21.623,1.454,0.969
405000,11.475,22.992,21.543,1.449,0.966
406000,11.411,23.043,21.507,1.536,1.024
407000,11.421,23.092,21.570,1.521,1.014
408000,11.507,23.062,21.546,1.516,1.011
409000,11.675,23.126,21.587,1.539,1.026
410000,11.702,23.044,21.576,1.468,0.978
411000,11.699,23.027,21.543,1.484,0.989
412000,11.675,23.032,21.555,1.477,0.985
413000,11.719,23.070,21.553,1.517,1.011
414000,11.614,23.130,21.603,1.527,1.018
415000,11.432,23.006,21.534,1.472,0.982
416000,11.334,23.032,21.539,1.493,0.995
417000,11.311,23.062,21.550,1.512,1.008
418000,11.313,23.078,21.588,1.490,0.993
419000,11.338,23.066,21.603,1.463,0.975
420000,11.343,23.089,21.574,1.514,1.010
421000,11.403,23.106,21.602,1.504,1.002
422000,11.496,23.068,21.615,1.452,0.968
423000,11.627,23.094,21.567,1.527,1.018
424000,11.733,23.011,21.519,1.491,0.994
425000,11.789,23.040,21.550,1.490,0.993
426000,11.788,23.010,21.558,1.452,0.968
427000,11.720,23.077,21.520,1.557,1.038
428000,11.603,23.032,21.573,1.458,0.972
429000,11.581,22.969,21.499,1.470,0.980
430000,11.537,23.097,21.573,1.524,1.016
431000,11.489,23.052,21.555,1.497,0.998
432000,11.604,23.091,21.553,1.538,1.025
433000,11.557,23.106,21.571,1.535,1.023
434000,11.504,23.052,21.565,1.487,0.991
435000,11.475,23.131,21.596,1.535,1.023
436000,11.550,22.980,21.538,1.442,0.961
437000,11.690,22.984,21.552,1.432,0.954
438000,11.802,23.071,21.579,1.492,0.995
439000,11.857,23.110,21.601,1.509,1.006
440000,11.896,23.072,21.547,1.525,1.016
441000,11.868,23.049,21.546,1.503,1.002
442000,11.855,23.131,21.612,1.519,1.013
443000,11.854,23.130,21.603,1.527,1.018
444000,11.794,23.148,21.592,1.556,1.037
445000,11.712,23.096,21.575,1.521,1.014
446000,11.653,23.125,21.580,1.546,1.030
447000,11.526,23.087,21.574,1.512,1.008
448000,11.470,23.110,21.600,1.510,1.007
449000,11.364,23.131,21.620,1.512,1.008
450000,11.354,23.095,21.558,1.536,1.024
451000,11.375,23.033,21.577,1.456,0.971
452000,11.372,23.102,21.602,1.500,1.000
453000,11.447,23.087,21.581,1.506,1.004
454000,11.547,23.049,21.539,1.509,1.006
455000,11.596,23.143,21.615,1.528,1.019
456000,11.721,23.136,21.601,1.534,1.023
457000,11.968,23.113,21.618,1.495,0.996
458000,11.987,23.144,21.628,1.516,1.011
459000,11.841,23.098,21.600,1.498,0.999
460000,11.753,23.068,21.598,1.471,0.981
461000,11.799,23.102,21.578,1.523,1.016
462000,11.844,23.117,21.566,1.550,1.033
463000,11.833,23.056,21.591,1.465,0.976
464000,11.770,23.133,21.628,1.505,1.003
465000,11.715,23.134,21.599,1.535,1.023
466000,11.643,23.060,21.586,1.473,0.982
467000,11.688,23.060,21.566,1.493,0.995
468000,11.711,23.096,21.614,1.482,0.988
469000,11.708,23.118,21.617,1.501,1.001
470000,11.708,23.072,21.584,1.488,0.992
471000,11.661,23.110,21.614,1.496,0.997
472000,11.512,23.061,21.565,1.496,0.997
473000,11.423,23.143,21.619,1.524,1.016
474000,11.431,23.111,21.574,1.537,1.024
475000,11.471,23.072,21.582,1.490,0.993
476000,11.477,23.112,21.562,1.550,1.033
477000,11.449,23.102,21.569,1.533,1.022
478000,11.430,23.094,21.574,1.519,1.013
479000,11.428,23.056,21.565,1.491,0.994
480000,11.416,23.079,21.583,1.496,0.997
481000,11.448,23.058,21.612,1.446,0.964
482000,11.433,23.096,21.568,1.528,1.019
483000,11.412,23.007,21.560,1.447,0.965
484000,11.374,23.012,21.549,1.463,0.975
485000,11.453,23.048,21.581,1.467,0.978
486000,11.518,23.038,21.546,1.492,0.995
487000,11.546,23.068,21.578,1.489,0.993
488000,11.663,23.060,21.556,1.504,1.003
489000,11.820,23.084,21.563,1.521,1.014
490000,11.902,23.049,21.586,1.463,0.975
491000,11.791,23.103,21.593,1.510,1.007
492000,11.589,23.165,21.628,1.537,1.025
493000,11.547,23.152,21.587,1.565,1.044
494000,11.609,23.089,21.572,1.517,1.011
495000,11.603,23.055,21.560,1.496,0.997
496000,11.555,23.094,21.586,1.509,1.006
497000,11.583,23.113,21.603,1.511,1.007
498000,11.598,23.175,21.649,1.526,1.017
499000,11.655,23.158,21.625,1.533,1.022
500000,11.709,23.054,21.587,1.467,0.978
501000,11.706,23.038,21.555,1.483,0.988
502000,11.760,23.116,21.608,1.508,1.005
503000,11.770,22.997,21.546,1.451,0.967
504000,11.787,23.041,21.568,1.473,0.982
505000,11.780,23.085,21.576,1.509,1.006
506000,11.749,23.034,21.561,1.473,0.982
507000,11.638,23.101,21.592,1.509,1.006
508000,11.588,23.043,21.585,1.458,0.972
509000,11.643,23.064,21.625,1.439,0.960
510000,11.551,23.130,21.590,1.541,1.027
511000,11.497,23.118,21.600,1.518,1.012
512000,11.498,23.073,21.585,1.488,0.992
513000,11.519,23.118,21.572,1.547,1.031
514000,11.409,23.036,21.556,1.480,0.987
515000,11.304,23.094,21.570,1.524,1.016
516000,11.306,23.113,21.588,1.526,1.017
517000,11.369,23.084,21.566,1.518,1.012
518000,11.495,23.023,21.562,1.461,0.974
519000,11.586,22.996,21.569,1.427,0.951
520000,11.713,23.075,21.583,1.492,0.995
521000,11.785,23.019,21.588,1.431,0.954
522000,11.778,23.055,21.561,1.494,0.996
523000,11.649,23.125,21.596,1.529,1.019
524000,11.575,23.165,21.596,1.569,1.046
525000,11.551,23.147,21.591,1.556,1.037
526000,11.566,23.098,21.587,1.510,1.007
527000,11.628,23.107,21.555,1.552,1.034
528000,11.637,23.047,21.587,1.460,0.973
529000,11.586,23.112,21.564,1.548,1.032
530000,11.478,23.083,21.597,1.486,0.991
531000,11.408,23.046,21.578,1.468,0.979
532000,11.326,23.102,21.567,1.535,1.023
533000,11.274,23.086,21.596,1.490,0.993
534000,11.263,23.045,21.559,1.485,0.990
535000,11.231,23.035,21.534,1.501,1.001
536000,11.225,23.063,21.554,1.509,1.006
537000,11.297,23.054,21.563,1.491,0.994
538000,11.362,23.071,21.525,1.546,1.031
539000,11.430,23.126,21.608,1.518,1.012
540000,11.351,23.116,21.590,1.526,1.017
541000,11.235,23.108,21.587,1.521,1.014
542000,11.341,23.062,21.580,1.482,0.988
543000,11.470,23.044,21.558,1.486,0.991
544000,11.485,23.093,21.587,1.506,1.004
545000,11.488,23.091,21.592,1.499,0.999
546000,11.412,23.091,21.605,1.486,0.991
547000,11.249,23.150,21.598,1.552,1.035
548000,11.142,23.158,21.615,1.543,1.028
549000,11.134,23.102,21.602,1.501,1.000
550000,11.161,23.165,21.588,1.577,1.051
551000,11.122,23.127,21.606,1.521,1.014
552000,11.107,23.113,21.579,1.533,1.022
553000,11.153,23.134,21.601,1.533,1.022
554000,11.290,23.230,21.650,1.580,1.053
555000,11.462,23.151,21.607,1.543,1.029
556000,11.589,23.060,21.550,1.510,1.007
557000,11.545,23.063,21.557,1.506,1.004
558000,11.438,23.135,21.567,1.568,1.046
559000,11.336,23.122,21.592,1.530,1.020
560000,11.288,23.124,21.616,1.507,1.005
561000,11.266,23.034,21.571,1.464,0.976
562000,11.189,23.016,21.510,1.506,1.004
563000,11.066,23.101,21.582,1.518,1.012
564000,11.019,23.194,21.592,1.601,1.068
565000,10.863,23.080,21.550,1.530,1.020
566000,10.790,23.094,21.590,1.504,1.003
567000,10.739,23.072,21.590,1.482,0.988
568000,10.650,23.149,21.674,1.476,0.984
569000,10.807,23.067,21.594,1.473,0.982
570000,10.954,23.037,21.577,1.460,0.973
571000,10.932,23.102,21.598,1.504,1.003
572000,10.997,23.076,21.593,1.482,0.988
573000,11.090,23.074,21.566,1.508,1.005
574000,11.143,23.037,21.548,1.489,0.992
575000,11.185,23.043,21.563,1.480,0.987
576000,11.216,23.140,21.569,1.571,1.047
577000,11.259,23.083,21.570,1.513,1.008
578000,11.285,23.002,21.564,1.438,0.958
579000,11.211,23.004,21.542,1.462,0.975
580000,11.195,23.127,21.598,1.529,1.019
581000,11.265,23.067,21.579,1.488,0.992
582000,11.279,23.167,21.576,1.591,1.061
583000,11.209,23.107,21.609,1.498,0.999
584000,11.200,23.150,21.622,1.528,1.019
585000,11.245,23.096,21.569,1.527,1.018
586000,11.327,23.128,21.588,1.540,1.027
587000,11.387,23.067,21.600,1.468,0.978
588000,11.541,23.081,21.591,1.490,0.993
589000,11.690,23.050,21.599,1.452,0.968
590000,11.748,22.972,21.519,1.453,0.969
591000,11.780,22.973,21.547,1.427,0.951
592000,11.703,23.016,21.565,1.451,0.967
593000,11.701,23.119,21.612,1.507,1.004
594000,11.783,23.129,21.601,1.529,1.019
595000,11.661,23.067,21.589,1.478,0.986
596000,11.552,23.166,21.578,1.588,1.059
597000,11.459,23.129,21.651,1.478,0.985
598000,11.530,23.081,21.619,1.462,0.975
599000,11.689,23.083,21.579,1.504,1.002
600000,11.826,23.103,21.601,1.502,1.001
601000,11.958,23.118,21.616,1.502,1.001
602000,11.899,23.160,21.632,1.528,1.018
603000,11.826,23.051,21.581,1.469,0.980
604000,11.705,23.016,21.572,1.444,0.962
605000,11.546,23.067,21.535,1.532,1.021
606000,11.488,23.057,21.579,1.479,0.986
607000,11.466,23.102,21.584,1.519,1.012
608000,11.476,23.163,21.625,1.538,1.026
609000,11.389,23.122,21.588,1.534,1.023
610000,11.409,23.132,21.606,1.526,1.017
611000,11.364,23.128,21.626,1.502,1.001
612000,11.399,23.131,21.622,1.510,1.006
613000,11.386,23.027,21.560,1.467,0.978
614000,11.432,22.986,21.555,1.431,0.954
615000,11.447,23.077,21.532,1.545,1.030
616000,11.450,23.073,21.602,1.472,0.981
617000,11.513,23.025,21.549,1.476,0.984
618000,11.586,23.033,21.553,1.480,0.986
619000,11.699,23.089,21.584,1.505,1.004
620000,11.724,23.122,21.612,1.509,1.006
621000,11.816,23.073,21.552,1.521,1.014
622000,11.847,23.120,21.595,1.524,1.016
623000,11.816,23.125,21.598,1.527,1.018
624000,11.779,23.085,21.593,1.492,0.995
625000,11.747,23.113,21.606,1.508,1.005
626000,11.726,23.108,21.614,1.494,0.996
627000,11.694,23.044,21.555,1.488,0.992
628000,11.658,22.982,21.544,1.438,0.959
629000,11.740,23.052,21.555,1.497,0.998
630000,11.726,23.015,21.546,1.469,0.980
631000,11.789,23.051,21.567,1.484,0.989
632000,11.801,23.129,21.578,1.551,1.034
633000,11.777,23.110,21.603,1.508,1.005
634000,11.807,23.036,21.566,1.469,0.979
635000,11.791,23.072,21.553,1.518,1.012
636000,11.820,23.064,21.588,1.476,0.984
637000,11.823,23.091,21.567,1.524,1.016
638000,11.890,23.108,21.581,1.527,1.018
639000,11.827,23.086,21.568,1.518,1.012
640000,11.806,23.021,21.576,1.445,0.963
641000,11.785,23.067,21.599,1.467,0.978
642000,11.798,23.135,21.610,1.526,1.017
643000,11.835,23.191,21.631,1.560,1.040
644000,11.818,23.173,21.622,1.551,1.034
645000,11.823,23.113,21.575,1.538,1.026
646000,11.731,23.037,21.533,1.504,1.002
647000,11.665,23.119,21.597,1.522,1.014
648000,11.608,23.165,21.598,1.567,1.044
649000,11.565,23.057,21.588,1.469,0.980
650000,11.613,23.070,21.562,1.508,1.005
651000,11.638,23.093,21.574,1.518,1.012
652000,11.654,23.081,21.550,1.531,1.020
653000,11.689,23.120,21.586,1.533,1.022
654000,11.674,23.048,21.579,1.469,0.979
655000,11.592,23.057,21.565,1.492,0.995
656000,11.526,23.054,21.589,1.465,0.977
657000,11.606,23.151,21.581,1.569,1.046
658000,11.664,23.106,21.649,1.458,0.972
659000,11.601,23.162,21.590,1.572,1.048
660000,11.501,23.092,21.608,1.484,0.989
661000,11.402,23.109,21.636,1.473,0.982
662000,11.388,23.139,21.624,1.515,1.010
663000,11.348,23.131,21.602,1.529,1.020
664000,11.381,23.076,21.567,1.508,1.006
665000,11.428,23.135,21.633,1.502,1.001
666000,11.389,23.146,21.570,1.576,1.051
667000,11.517,23.065,21.538,1.527,1.018
668000,11.601,23.079,21.615,1.464,0.976
669000,11.482,23.090,21.590,1.501,1.000
670000,11.279,23.058,21.569,1.489,0.993
671000,11.076,23.124,21.591,1.533,1.022
672000,10.940,23.084,21.535,1.549,1.033
673000,10.848,23.044,21.567,1.476,0.984
674000,10.758,23.082,21.605,1.477,0.985
675000,10.784,23.058,21.565,1.493,0.996
676000,10.908,23.087,21.565,1.522,1.014
677000,11.011,23.141,21.578,1.563,1.042
678000,11.009,23.153,21.591,1.561,1.041
679000,11.041,23.104,21.612,1.492,0.995
680000,11.117,23.085,21.589,1.496,0.997
681000,11.146,23.076,21.586,1.490,0.993
682000,11.179,23.141,21.550,1.592,1.061
683000,11.192,23.079,21.567,1.512,1.008
684000,11.185,23.094,21.614,1.480,0.987
685000,11.130,23.130,21.612,1.518,1.012
686000,11.025,23.098,21.612,1.486,0.991
687000,10.941,23.053,21.547,1.506,1.004
688000,10.996,23.010,21.555,1.454,0.970
689000,11.048,23.059,21.566,1.494,0.996
690000,11.090,23.040,21.544,1.496,0.998
691000,11.147,23.113,21.606,1.507,1.005
692000,11.144,23.110,21.576,1.535,1.023
693000,11.033,23.104,21.623,1.480,0.987
694000,11.078,23.050,21.590,1.460,0.973
695000,11.191,23.115,21.609,1.506,1.004
696000,11.323,23.065,21.561,1.504,1.003
697000,11.542,23.067,21.579,1.488,0.992
698000,11.619,23.145,21.619,1.526,1.017
699000,11.707,23.124,21.600,1.524,1.016
700000,11.747,23.148,21.588,1.561,1.040
701000,11.673,23.115,21.591,1.524,1.016
702000,11.553,23.108,21.640,1.467,0.978
703000,11.473,23.073,21.585,1.488,0.992
704000,11.401,23.052,21.554,1.498,0.999
705000,11.466,23.075,21.613,1.462,0.975
706000,11.504,23.068,21.552,1.516,1.010
707000,11.466,23.126,21.593,1.532,1.022
708000,11.579,23.120,21.586,1.534,1.022
709000,11.640,23.036,21.577,1.459,0.972
710000,11.622,23.005,21.549,1.456,0.971
711000,11.607,23.018,21.581,1.437,0.958
712000,11.474,23.032,21.532,1.500,1.000
713000,11.366,23.042,21.569,1.472,0.982
714000,11.316,23.037,21.570,1.467,0.978
715000,11.220,23.084,21.572,1.512,1.008
716000,11.288,23.027,21.511,1.516,1.010
717000,11.371,23.048,21.592,1.456,0.971
718000,11.406,23.141,21.592,1.549,1.032
719000,11.432,23.148,21.579,1.569,1.046
720000,11.449,23.101,21.590,1.511,1.007
721000,11.486,23.004,21.555,1.449,0.966
722000,11.486,23.081,21.591,1.490,0.993
723000,11.501,23.034,21.561,1.473,0.982
724000,11.444,23.028,21.551,1.476,0.984
725000,11.348,23.054,21.576,1.478,0.985
726000,11.269,23.084,21.590,1.494,0.996
727000,11.299,23.044,21.571,1.473,0.982
728000,11.352,23.066,21.545,1.521,1.014
729000,11.377,23.063,21.553,1.511,1.007
730000,11.361,23.090,21.596,1.494,0.996
731000,11.283,23.091,21.597,1.494,0.996
732000,11.166,23.033,21.555,1.477,0.985
733000,11.068,22.999,21.554,1.444,0.963
734000,11.014,23.030,21.531,1.499,0.999
735000,11.060,23.034,21.579,1.456,0.970
736000,11.113,23.022,21.527,1.495,0.997
737000,11.089,23.017,21.568,1.449,0.966
738000,11.062,23.083,21.584,1.499,0.999
739000,11.168,23.068,21.581,1.487,0.992
740000,11.202,23.021,21.547,1.474,0.982
741000,11.198,23.094,21.566,1.529,1.019
742000,11.335,23.092,21.564,1.528,1.019
743000,11.346,23.042,21.549,1.494,0.996
744000,11.357,23.039,21.547,1.492,0.995
745000,11.351,23.131,21.589,1.542,1.028
746000,11.377,23.069,21.592,1.477,0.984
747000,11.423,23.190,21.599,1.591,1.060
748000,11.456,23.157,21.602,1.555,1.037
749000,11.543,23.068,21.563,1.505,1.003
750000,11.638,23.087,21.616,1.471,0.980
751000,11.663,23.125,21.586,1.539,1.026
752000,11.626,23.157,21.629,1.527,1.018
753000,11.665,23.142,21.597,1.545,1.030
754000,11.692,23.178,21.664,1.515,1.010
755000,11.624,23.165,21.622,1.543,1.029
756000,11.507,23.144,21.606,1.537,1.025
757000,11.415,23.095,21.597,1.498,0.999
758000,11.415,23.081,21.575,1.506,1.004
759000,11.394,23.028,21.597,1.431,0.954
760000,11.399,23.023,21.570,1.453,0.969
761000,11.485,23.110,21.605,1.505,1.003
762000,11.536,23.106,21.577,1.528,1.019
763000,11.503,23.115,21.625,1.490,0.993
764000,11.546,23.135,21.585,1.551,1.034
765000,11.509,23.133,21.569,1.563,1.042
766000,11.440,23.136,21.617,1.518,1.012
767000,11.305,23.135,21.599,1.536,1.024
768000,11.154,23.078,21.601,1.477,0.985
769000,11.026,23.089,21.604,1.486,0.990
770000,10.951,23.042,21.557,1.485,0.990
771000,10.985,23.114,21.633,1.481,0.988
772000,11.108,23.105,21.594,1.511,1.007
773000,11.165,23.063,21.540,1.522,1.015
774000,11.126,23.035,21.548,1.487,0.991
775000,11.208,23.071,21.567,1.503,1.002
776000,11.331,23.035,21.599,1.436,0.957
777000,11.504,23.053,21.550,1.503,1.002
778000,11.656,23.089,21.591,1.498,0.998
779000,11.768,23.106,21.582,1.524,1.016
780000,11.835,23.149,21.636,1.513,1.008
781000,11.839,23.151,21.619,1.531,1.021
782000,11.766,23.111,21.566,1.544,1.030
783000,11.688,23.112,21.587,1.525,1.017
784000,11.666,23.098,21.637,1.461,0.974
785000,11.629,23.110,21.613,1.497,0.998
786000,11.650,23.169,21.604,1.565,1.043
787000,11.787,23.071,21.578,1.493,0.995
788000,11.879,23.081,21.558,1.524,1.016
789000,11.916,23.044,21.571,1.473,0.982
790000,11.902,23.061,21.614,1.447,0.965
791000,11.841,23.055,21.595,1.460,0.973
792000,11.666,23.128,21.634,1.494,0.996
793000,11.524,23.016,21.558,1.458,0.972
794000,11.504,23.053,21.591,1.462,0.975
795000,11.411,23.036,21.556,1.480,0.987
796000,11.282,23.024,21.533,1.491,0.994
797000,11.254,23.008,21.546,1.462,0.974
798000,11.201,23.018,21.543,1.474,0.983
799000,11.116,23.075,21.567,1.509,1.006
800000,11.118,23.049,21.573,1.476,0.984
801000,11.204,23.075,21.575,1.500,1.000
802000,11.274,23.070,21.565,1.506,1.004
803000,11.229,23.102,21.577,1.524,1.016
804000,11.206,23.102,21.570,1.532,1.021
805000,11.071,23.082,21.612,1.470,0.980
806000,11.022,23.164,21.610,1.554,1.036
807000,11.052,23.082,21.586,1.495,0.997
808000,11.142,23.016,21.580,1.436,0.957
809000,11.188,23.033,21.554,1.480,0.986
810000,11.131,23.025,21.589,1.436,0.958
811000,11.180,23.136,21.611,1.525,1.017
812000,11.205,23.102,21.587,1.515,1.010
813000,11.167,23.086,21.516,1.570,1.047
814000,11.096,23.037,21.571,1.466,0.977
815000,11.009,22.983,21.545,1.438,0.958
816000,10.987,23.055,21.567,1.488,0.992
817000,11.060,23.163,21.620,1.543,1.029
818000,11.069,23.080,21.551,1.529,1.019
819000,11.109,23.097,21.573,1.524,1.016
820000,11.160,23.018,21.573,1.445,0.964
821000,11.180,22.968,21.535,1.433,0.955
822000,11.105,23.027,21.560,1.467,0.978
823000,11.146,23.053,21.563,1.490,0.993
824000,11.281,23.159,21.595,1.565,1.043
825000,11.489,23.158,21.638,1.521,1.014
826000,11.591,23.073,21.581,1.492,0.994
827000,11.605,23.102,21.612,1.491,0.994
828000,11.589,23.106,21.587,1.519,1.013
829000,11.573,23.040,21.572,1.468,0.978
830000,11.523,23.079,21.554,1.525,1.017
831000,11.562,23.067,21.591,1.476,0.984
832000,11.619,23.033,21.559,1.474,0.983
833000,11.590,23.042,21.572,1.470,0.980
834000,11.564,23.077,21.568,1.509,1.006
835000,11.566,23.042,21.581,1.461,0.974
836000,11.653,23.065,21.562,1.504,1.002
837000,11.683,23.167,21.568,1.599,1.066
838000,11.640,23.075,21.633,1.442,0.961
839000,11.642,23.147,21.584,1.563,1.042
840000,11.640,23.082,21.586,1.496,0.997
841000,11.661,23.019,21.561,1.458,0.972
842000,11.660,23.122,21.601,1.521,1.014
843000,11.619,23.142,21.632,1.510,1.007
844000,11.568,23.178,21.662,1.516,1.011
845000,11.471,23.106,21.585,1.522,1.014
846000,11.383,23.100,21.636,1.464,0.976
847000,11.326,23.069,21.545,1.524,1.016
848000,11.256,23.116,21.593,1.523,1.015
849000,11.314,23.103,21.621,1.482,0.988
850000,11.448,23.116,21.663,1.453,0.969
851000,11.564,23.150,21.613,1.537,1.024
852000,11.588,23.151,21.635,1.516,1.011
853000,11.630,23.109,21.638,1.471,0.981
854000,11.634,23.173,21.632,1.541,1.027
855000,11.622,23.056,21.561,1.495,0.997
856000,11.631,23.064,21.587,1.477,0.985
857000,11.595,23.131,21.593,1.538,1.026
858000,11.604,23.079,21.565,1.514,1.009
859000,11.607,23.021,21.558,1.463,0.975
860000,11.554,23.073,21.566,1.507,1.005
861000,11.431,23.058,21.569,1.488,0.992
862000,11.420,23.072,21.602,1.470,0.980
863000,11.430,23.058,21.566,1.492,0.995
864000,11.497,23.007,21.557,1.450,0.966
865000,11.542,23.068,21.593,1.476,0.984
866000,11.573,23.018,21.543,1.475,0.983
867000,11.565,23.065,21.603,1.462,0.975
868000,11.521,22.974,21.553,1.421,0.947
869000,11.497,23.064,21.594,1.470,0.980
870000,11.450,23.165,21.605,1.560,1.040
871000,11.345,23.084,21.557,1.527,1.018
872000,11.280,23.112,21.630,1.482,0.988
873000,11.205,23.125,21.616,1.509,1.006
874000,11.227,23.062,21.573,1.489,0.992
875000,11.212,23.060,21.546,1.515,1.010
876000,11.317,23.065,21.558,1.507,1.005
877000,11.376,23.075,21.592,1.483,0.989
878000,11.436,23.061,21.585,1.476,0.984
879000,11.563,23.085,21.595,1.490,0.993
880000,11.560,23.048,21.581,1.468,0.978
881000,11.538,23.089,21.620,1.470,0.980
882000,11.484,23.078,21.563,1.515,1.010
883000,11.426,23.188,21.619,1.569,1.046
884000,11.394,23.100,21.544,1.556,1.038
885000,11.317,23.084,21.629,1.455,0.970
886000,11.237,23.126,21.600,1.526,1.017
887000,11.164,23.063,21.577,1.486,0.991
888000,11.171,23.034,21.538,1.496,0.997
889000,11.209,23.092,21.558,1.534,1.023
890000,11.299,23.116,21.585,1.532,1.021
891000,11.350,23.059,21.587,1.472,0.981
892000,11.300,23.133,21.563,1.570,1.047
893000,11.361,23.045,21.558,1.487,0.991
894000,11.348,23.002,21.557,1.446,0.964
895000,11.248,23.081,21.550,1.531,1.021
896000,11.274,23.073,21.587,1.487,0.991
897000,11.258,23.110,21.566,1.545,1.030
898000,11.262,23.171,21.604,1.567,1.045
899000,11.233,23.137,21.575,1.562,1.041
900000,11.229,23.152,21.603,1.549,1.033
901000,11.355,23.112,21.578,1.535,1.023
902000,11.460,23.064,21.571,1.493,0.995
903000,11.403,23.001,21.577,1.424,0.949
904000,11.233,23.061,21.546,1.515,1.010
905000,11.230,23.073,21.592,1.481,0.987
906000,11.259,23.125,21.586,1.539,1.026
907000,11.192,23.138,21.637,1.501,1.000
908000,11.201,23.154,21.647,1.507,1.005
909000,11.244,23.140,21.631,1.510,1.006
910000,11.311,23.069,21.580,1.488,0.992
911000,11.394,23.078,21.588,1.489,0.993
912000,11.403,23.120,21.587,1.533,1.022
913000,11.373,23.112,21.576,1.536,1.024
914000,11.387,23.020,21.542,1.478,0.985
915000,11.335,23.049,21.562,1.487,0.991
916000,11.232,23.085,21.583,1.502,1.001
917000,11.229,23.075,21.555,1.521,1.014
918000,11.238,23.131,21.601,1.530,1.020
919000,11.156,23.082,21.610,1.472,0.981
920000,11.085,23.062,21.520,1.542,1.028
921000,11.045,23.086,21.563,1.523,1.015
922000,11.060,23.075,21.549,1.525,1.017
923000,11.067,23.148,21.635,1.513,1.008
924000,11.067,23.127,21.593,1.534,1.022
925000,11.135,23.079,21.601,1.478,0.985
926000,11.181,23.105,21.572,1.533,1.022
927000,11.219,23.099,21.567,1.532,1.021
928000,11.179,23.066,21.573,1.494,0.996
929000,11.234,23.095,21.568,1.527,1.018
930000,11.207,23.044,21.514,1.531,1.020
931000,11.218,23.013,21.552,1.461,0.974
932000,11.269,23.058,21.596,1.462,0.974
933000,11.338,22.995,21.558,1.438,0.958
934000,11.314,23.002,21.549,1.453,0.969
935000,11.274,23.118,21.556,1.562,1.041
936000,11.345,23.123,21.612,1.512,1.008
937000,11.372,23.075,21.557,1.518,1.012
938000,11.332,23.061,21.563,1.498,0.999
939000,11.250,23.019,21.566,1.453,0.969
940000,11.260,23.078,21.577,1.501,1.001
941000,11.343,23.033,21.583,1.451,0.967
942000,11.449,23.092,21.556,1.536,1.024
943000,11.594,23.044,21.559,1.485,0.990
944000,11.698,23.114,21.587,1.527,1.018
945000,11.654,23.118,21.635,1.482,0.988
946000,11.529,23.107,21.608,1.499,0.999
947000,11.477,23.056,21.576,1.479,0.986
948000,11.485,23.064,21.559,1.505,1.003
949000,11.431,23.065,21.582,1.483,0.989
950000,11.471,23.063,21.573,1.490,0.993
951000,11.440,23.143,21.639,1.504,1.003
952000,11.369,23.149,21.592,1.557,1.038
953000,11.497,23.142,21.613,1.529,1.019
954000,11.576,23.131,21.620,1.512,1.008
955000,11.576,23.108,21.623,1.485,0.990
956000,11.629,23.099,21.629,1.470,0.980
957000,11.814,23.133,21.585,1.548,1.032
958000,11.949,23.088,21.589,1.499,0.999
959000,12.039,23.076,21.577,1.499,0.999
960000,11.994,23.118,21.602,1.516,1.011
961000,11.828,23.170,21.622,1.548,1.032
962000,11.698,23.206,21.608,1.599,1.066
963000,11.710,23.125,21.617,1.508,1.005
964000,11.736,23.083,21.607,1.476,0.984
965000,11.724,22.991,21.556,1.434,0.956
966000,11.636,23.041,21.560,1.481,0.988
967000,11.603,23.095,21.603,1.492,0.995
968000,11.572,23.170,21.606,1.564,1.043
969000,11.649,23.101,21.605,1.496,0.997
970000,11.687,23.027,21.556,1.470,0.980
971000,11.712,23.008,21.566,1.442,0.961
972000,11.620,22.996,21.531,1.465,0.976
973000,11.553,23.036,21.540,1.496,0.997
974000,11.476,23.131,21.637,1.493,0.996
975000,11.473,23.051,21.586,1.465,0.976
976000,11.433,23.035,21.605,1.429,0.953
977000,11.465,23.053,21.571,1.482,0.988
978000,11.483,23.081,21.552,1.529,1.020
979000,11.457,23.047,21.576,1.471,0.981
980000,11.440,23.087,21.559,1.528,1.018
981000,11.469,23.076,21.570,1.506,1.004
982000,11.534,23.060,21.568,1.492,0.995
983000,11.655,23.029,21.567,1.463,0.975
984000,11.729,23.098,21.566,1.532,1.021
985000,11.719,23.066,21.569,1.497,0.998
986000,11.691,23.035,21.578,1.457,0.972
987000,11.735,23.048,21.588,1.460,0.973
988000,11.775,23.085,21.595,1.490,0.993
989000,11.747,23.065,21.634,1.431,0.954
990000,11.689,23.023,21.542,1.481,0.987
991000,11.576,23.039,21.563,1.476,0.984
992000,11.473,23.042,21.579,1.463,0.975
993000,11.447,23.080,21.574,1.506,1.004
994000,11.307,23.078,21.598,1.481,0.987
995000,11.343,23.046,21.556,1.491,0.994
996000,11.311,23.063,21.584,1.479,0.986
997000,11.380,23.152,21.610,1.541,1.027
998000,11.355,23.055,21.541,1.514,1.009
999000,11.389,23.049,21.594,1.455,0.970
1000000,11.463,23.133,21.595,1.538,1.025
